Solução x:
[0.21893388 0.00879006 0.08823316 ... 0.94101236 0.23141375 0.38871417]

X_aleatório_inicial:
[0.21893387605161774, 0.008790055145667774, 0.08823315984650237, 0.17159226634257208, 0.581915513807565, 0.5759254431174238, 0.16081524193155994, 0.8561546211192074, 0.8174797012523455, 0.8899796857394258, 0.5665240892507517, 0.001092737644080799, 0.6698212780075361, 0.9300902257962562, 0.16977478797078516, 0.2603929174495859, 0.8447896200953932, 0.5111552565136738, 0.4862864151611165, 0.6104758858652753, 0.16708714326841012, 0.8010749210020524, 0.8766225918508257, 0.5176157648313943, 0.6218300560028385, 0.1516952607014561, 0.029715639179452857, 0.7225605583365992, 0.586900208330899, 0.23043431340352294, 0.114296407533649, 0.8838281762975276, 0.6246979368476474, 0.736346590536467, 0.8778413424507054, 0.7130044599257266, 0.5392855214906451, 0.0384780454256507, 0.5227768511485509, 0.719359318034734, 0.702680800495318, 0.9387167145838528, 0.6636213584987697, 0.5544524334002401, 0.9924546528663425, 0.45747562365678063, 0.848226662513667, 0.06722289421107686, 0.34736412264998195, 0.2608498515503228, 0.9015211468011989, 0.4551482264938259, 0.8482686317057394, 0.3290861173136609, 0.4855167752624774, 0.14968404691123682, 0.8312945096489356, 0.16189693924924575, 0.24069648397653087, 0.43537918859170543, 0.1965541589746186, 0.7379400259826009, 0.07297098371286426, 0.1499076315624277, 0.2203003489062586, 0.9259820807513675, 0.36952063164185833, 0.6943036567855352, 0.6598836451136901, 0.7639063501310878, 0.6282753205268241, 0.5723702462115351, 0.5554228937333769, 0.43296388519953144, 0.33209103478454527, 0.4171655082825605, 0.5142210067159501, 0.8836194285707675, 0.30807128195098443, 0.5249453521541902, 0.2950498683536209, 0.7342312169550926, 0.9047855820597545, 0.39755775270332117, 0.184409225866351, 0.4457185227373419, 0.3954415987062463, 0.00023408921173273534, 0.11485419996626, 0.16056952655208134, 0.7904702950146512, 0.5954100748612788, 0.9165445412219361, 0.1922483076156244, 0.6010330025490744, 0.4717278926455275, 0.37272654896697544, 0.7684447808999753, 0.6412151231314716, 0.6605759526236318, 0.9526021270705836, 0.3420426527057423, 0.7459357391523767, 0.12089973176803781, 0.4028129268215863, 0.7371712723877031, 0.9526449183774337, 0.846115690120121, 0.786142379462938, 0.6790956989477075, 0.5148865436422665, 0.2747192990545485, 0.401556457384185, 0.9781294239437592, 0.47672476894467175, 0.863604031357862, 0.8895958606892395, 0.7056277350831739, 0.619841527402803, 0.026962071518604747, 0.3197171159175063, 0.8459380288437586, 0.1662526548315456, 0.5009291064132243, 0.7112908048069949, 0.6475524481913846, 0.7652265755197978, 0.08535193363676219, 0.06969209335786253, 0.16208303669705493, 0.4574555717007227, 0.47675471762132826, 0.5008270670881774, 0.7987908462052667, 0.4370711147161366, 0.4833378963353321, 0.5493697278286742, 0.9899235028317007, 0.196285038643784, 0.12522238408259834, 0.40256637372848136, 0.5090390851378247, 0.22454524021039346, 0.1937911593296039, 0.6833418790248195, 0.4386505629043791, 0.3167104640328283, 0.23685261688285275, 0.6220414752249691, 0.6440612931558862, 0.3816453819247082, 0.5641266929074985, 0.43284081621290105, 0.25719772777005223, 0.8267393449465869, 0.19589945950206467, 0.6065543918475758, 0.11145549498724294, 0.3387904401854146, 0.25201307189388855, 0.25903028852450305, 0.6305319887705811, 0.9684422288357258, 0.234645376212264, 0.11031548479328512, 0.2930913017284451, 0.40427046420486423, 0.9399675636371675, 0.46140764260557177, 0.8972507770911964, 0.6876533051707985, 0.08156919983820032, 0.31508609150895384, 0.06390423427265124, 0.07421188984490346, 0.12072257092210226, 0.3856509955799914, 0.13003121373325754, 0.590402064298046, 0.40633358082659654, 0.9914739515814529, 0.9054346666546104, 0.12127764123405349, 0.5092850921358503, 0.8285242607254496, 0.9613454142931712, 0.29975892322886766, 0.0024015187845229935, 0.4533888483093409, 0.6045422245834369, 0.15826217027398481, 0.9238270349122779, 0.2619123813175164, 0.6687395335058726, 0.15409499776663127, 0.6127689060970053, 0.39892078418338084, 0.6304287683122122, 0.2843356789801058, 0.7753898664291199, 0.012755833618307788, 0.7080986969772831, 0.9507243608126997, 0.7069207107607414, 0.038362092462228214, 0.6562057368250388, 0.9727028707800096, 0.17772047166805727, 0.3432695512165336, 0.3099663407873282, 0.8005365450657853, 0.8929783819478295, 0.8198631506113145, 0.039234889640745285, 0.8226201536675625, 0.12848304255423382, 0.5223817339131482, 0.7428812613097345, 0.9838488460197043, 0.7648038311008749, 0.00837070023481512, 0.04864649138957633, 0.7286092101809379, 0.5878558115691472, 0.09389109181329602, 0.5855884559669897, 0.6976422946115277, 0.8083331897945738, 0.7282590612199973, 0.5900277350694473, 0.05890401762888475, 0.16402734788232987, 0.9462965915464594, 0.8794336890245986, 0.38530131738599815, 0.8555410396465635, 0.964439584187763, 0.8920158526440554, 0.8231202921232497, 0.7441744185762583, 0.015198431568325899, 0.7087579233250777, 0.9679017920677014, 0.37116227025972226, 0.03810253203760261, 0.247384942291054, 0.578756050161866, 0.7249770742137258, 0.998047749425836, 0.8016413850630084, 0.2749935176447257, 0.47995075013215793, 0.5487818180666876, 0.9322687370802825, 0.5593054984472235, 0.35577918556668875, 0.2660666947628546, 0.1868746815086484, 0.030185808909472422, 0.4141730208593123, 0.8408822415276854, 0.33533759882742087, 0.16143941040109178, 0.9030681725023681, 0.09453511762170586, 0.8509585392693052, 0.19776439537124502, 0.3348629764978771, 0.0706740644359729, 0.6173677718276561, 0.955403161015425, 0.3387051375405845, 0.943761917188245, 0.8177683419261143, 0.47687757354699856, 0.42728612861901505, 0.6660393870318043, 0.182596881537327, 0.25441859628448793, 0.84624645521866, 0.4701961188785365, 0.26018362960751273, 0.4286101019665508, 0.2622163302530738, 0.08112319780008959, 0.556654336033089, 0.7914423805872196, 0.34586210363363246, 0.9114497583403192, 0.4796828001718252, 0.6607686197082066, 0.23348076219292513, 0.37802265194336016, 0.21506331102915033, 0.6138703307532016, 0.5665301061349269, 0.4447556443699203, 0.31549886935359917, 0.3585917574377572, 0.3429571656003749, 0.09673475004548648, 0.7994067698391502, 0.44738119232424456, 0.5137256169632891, 0.2440147506620325, 0.09258959282506496, 0.6994319852694066, 0.5838979283776471, 0.38656220322469625, 0.9861529127232608, 0.42098391546583225, 0.16758532850283137, 0.9600590435455592, 0.8800431153669637, 0.7082598553229831, 0.33179496727953117, 0.1775908682316708, 0.42737625453031325, 0.8088621003692089, 0.33235051202388144, 0.41186237897140376, 0.8302682324159514, 0.9259564224226304, 0.2194952849451577, 0.07319342444921773, 0.37850802331314226, 0.17124633110210707, 0.6660409631668126, 0.37319604803506823, 0.21020199808414886, 0.9866041186456173, 0.34226367057285556, 0.14266868925015996, 0.8604775885731455, 0.9876601783380303, 0.39667219623176164, 0.851314430157373, 0.2954210616248113, 0.8018218878003036, 0.1160525570887555, 0.789147862218684, 0.6424230431972049, 0.232407469896047, 0.5172281705547542, 0.8139482426719026, 0.1468409914139326, 0.02748994419766604, 0.39462355119369996, 0.31047610737944886, 0.19577583154018507, 0.5376575011794187, 0.19688485826167368, 0.47947211150604163, 0.5754351198626697, 0.9113357645591392, 0.8669343259926137, 0.05195756357748993, 0.8004184439818074, 0.3219104753201394, 0.8702425238088759, 0.09092501429001554, 0.30986162475974743, 0.9558157282841118, 0.44720716687036266, 0.6129522339040391, 0.3683673081339609, 0.5700202856654526, 0.8332805606437725, 0.7421335714327363, 0.9603884051442358, 0.8431270988045355, 0.009205594748605606, 0.608616516863329, 0.7051841133587123, 0.6574172701842959, 0.5347742248909451, 0.7438784534791741, 0.03987688971776604, 0.6801793569942821, 0.5788963102049142, 0.7918981800599444, 0.24615991344705823, 0.004367924958819325, 0.5558978056880561, 0.05383656247185076, 0.07755316192133666, 0.9386496280561972, 0.24251270902251443, 0.8581496004171711, 0.37461079993626556, 0.4528140213633315, 0.2067880839333347, 0.5438637189794869, 0.7831962155098423, 0.15263571467176595, 0.45043200841054976, 0.9520428411065696, 0.557337098710636, 0.5413615930766333, 0.9513638071393504, 0.16181608892546606, 0.47441901979496104, 0.4001424288442843, 0.8734906652848422, 0.016444713251040466, 0.9275432266111608, 0.3914922585928762, 0.15792211425367042, 0.4358534612249766, 0.383532807842655, 0.3452195706775283, 0.08815547188180117, 0.1365755039653287, 0.01703839366299953, 0.8007801795839427, 0.42976118341232017, 0.06319445135124235, 0.5246244423600243, 0.33254601641388304, 0.04769240798389751, 0.6366351403872734, 0.9483620877428358, 0.87994361561546, 0.9409786764187698, 0.7735988237690999, 0.5823795860813995, 0.12438074098643592, 0.19403935545820772, 0.9682735800122128, 0.6541145602354129, 0.5312053757156054, 0.6038173658608066, 0.7466255244366076, 0.9706340489583238, 0.6417270303647342, 0.6239978582734943, 0.39018674883733917, 0.03517868275030589, 0.2793828876759934, 0.07309181051730818, 0.9684925206434623, 0.3026923126917175, 0.7635373845952929, 0.5518331006507504, 0.03321188387533647, 0.07490540174792326, 0.7073199473226811, 0.26183980608453905, 0.5495476046224814, 0.2303415356505426, 0.3196973743022433, 0.45275455247899976, 0.37687333776084553, 0.38052547826295724, 0.4250477619334502, 0.17827879700482985, 0.9892644943783969, 0.1514995644412599, 0.06231775318786603, 0.9465162995157903, 0.06307149747527485, 0.9410363784866297, 0.09520087418892764, 0.8355144796776713, 0.8715818727825521, 0.3790426992240902, 0.714211674105145, 0.21655404246440302, 0.6602209659481493, 0.39641671438821335, 0.6017296889519125, 0.8428137284533019, 0.1617719154974152, 0.43484629191305946, 0.518494091738337, 0.5772370845860387, 0.17730603581084248, 0.05146371796753724, 0.41745777069586665, 0.8128171004089523, 0.1299448034856876, 0.12378582046205755, 0.18961327710743892, 0.04097246716300973, 0.30655182881083665, 0.3509190247446272, 0.850720479897234, 0.8505157739171259, 0.7291911090826845, 0.9397409901668878, 0.6594329897892317, 0.34527940874910734, 0.4429097985695938, 0.044400268336533766, 0.31150012799521354, 0.703210886727912, 0.49009163523964994, 0.380751981875758, 0.7720771883869212, 0.4505877767586134, 0.31196278518091014, 0.32445916389296336, 0.8622982873958541, 0.7725634735704973, 0.5798376706836774, 0.8708938044534051, 0.36365842691941586, 0.7721522641762036, 0.3028536221291035, 0.44040710528048743, 0.6282110198104149, 0.3773389101251118, 0.7748302456384393, 0.7903698003540084, 0.830829427765928, 0.7524909796927869, 0.4396419042712687, 0.5599604639061473, 0.15018394163479254, 0.9593967648925911, 0.49046889530413984, 0.7261412532656701, 0.8193309462998468, 0.5618279667674733, 0.13842773683288145, 0.8650520641173076, 0.6881683145213572, 0.2582076182530568, 0.8905330338732875, 0.3912495525485954, 0.1133556735159631, 0.8318185069580653, 0.24051149997503085, 0.23758142510058022, 0.44679142452516607, 0.2681059688220556, 0.4158005434962617, 0.8633465236143303, 0.5232303545364215, 0.11953740713812744, 0.3649647136037628, 0.5264899882783065, 0.8339080597181556, 0.4463968363121653, 0.9811846982508592, 0.045241916140887684, 0.47581100581122027, 0.8977471510218057, 0.0707381549507724, 0.03596002465910719, 0.14351397205892946, 0.5874687463029761, 0.17514054042065486, 0.05614594269481199, 0.6513642206978072, 0.6521391166546185, 0.42203856008198637, 0.9051309383015815, 0.908965951494925, 0.14485966295220631, 0.75956271380658, 0.7677029827137906, 0.4736295031228913, 0.7755079163996259, 0.41480250610606406, 0.19615125465198424, 0.9227070583158179, 0.6512787400054222, 0.834569291860318, 0.5328770396740441, 0.0283179099545936, 0.40521893176143153, 0.328444087979916, 0.3229973065578051, 0.6958605491502773, 0.06022178406643386, 0.5641490364166383, 0.26229876748890335, 0.7122799330462103, 0.03127383909626358, 0.8625390892536355, 0.540407726216168, 0.5173786838599623, 0.38665806901345257, 0.7174314076160965, 0.49329033334534356, 0.4638594121485766, 0.2489810593999624, 0.6290729282942906, 0.6368892877935042, 0.1332743401696901, 0.31369396167080765, 0.31502328917183087, 0.3012659816909169, 0.12933728760926289, 0.9140535630423939, 0.27785598051344784, 0.7722124060684729, 0.0011531352238737247, 0.09930558890686592, 0.40671977762712885, 0.7745670333613236, 0.6126295558644881, 0.2686908318457646, 0.5568322825535128, 0.8764277602971181, 0.2795378621704462, 0.853301833590088, 0.5646373357569494, 0.5222201551027312, 0.7891676114876862, 0.9926221453586699, 0.29374478462431675, 0.06242186578797959, 0.8015454602032737, 0.5343394481195817, 0.16092502998488223, 0.2985668418964115, 0.6311876326549409, 0.5941577522056884, 0.05454517494810007, 0.7268120184521631, 0.9670437678158109, 0.19391467571037035, 0.9859566825135198, 0.4281392955876564, 0.8521698335963294, 0.5121940353409437, 0.20756024487096447, 0.9293411625927567, 0.7313257297936827, 0.13175108399996738, 0.849126564259559, 0.7533493483190994, 0.48101334112861616, 0.2807515777183983, 0.3334538757109038, 0.18203418135070926, 0.24437066004605323, 0.12933508953808748, 0.42883493208746704, 0.32417351388510696, 0.0717562288050052, 0.48058784307681013, 0.18603334306199704, 0.8211412590882168, 0.013271934069983504, 0.4323719049848438, 0.5357574901968457, 0.16289315676126004, 0.011649577850002646, 0.37616618329487506, 0.9729405761855108, 0.32196553420761165, 0.2805277830276448, 0.555653105196475, 0.6819804367150363, 0.9216708808537968, 0.015601092845981102, 0.2781870884038097, 0.33023683789003055, 0.9827581964236942, 0.21270788706405241, 0.3236066114084545, 0.2745722325088157, 0.7233435751585807, 0.4413073715476572, 0.7198916211353366, 0.408231908935894, 0.2866645439025274, 0.0795554745423166, 0.9766810875417895, 0.9634321292560103, 0.8844128000653315, 0.5436195370277317, 0.6327513917072356, 0.12614193301546484, 0.7319320026863027, 0.6429005955724364, 0.18929599588859713, 0.7221825617013787, 0.2856135181117392, 0.40758723335464464, 0.563159059799862, 0.8757994477161297, 0.9386130214879521, 0.49024381674307027, 0.5459893306995978, 0.9423109844899974, 0.0011666700726300494, 0.3681915675052856, 0.28826917325896406, 0.41894516702914253, 0.27797861355760867, 0.29463506318184496, 0.035298481641094615, 0.12956870795628084, 0.9970977161425187, 0.8919203674714175, 0.8275245621960188, 0.6616369350727216, 0.3772931769501827, 0.8051054496383204, 0.5338296194037766, 0.8882632504197642, 0.5582002700848859, 0.2657699219838957, 0.746180039014989, 0.6311246233395624, 0.3566751956963258, 0.39767332423720336, 0.5884829874632276, 0.2857637010806633, 0.35416622689276245, 0.4477718217539651, 0.18096976433514722, 0.9174435063015747, 0.404364030464456, 0.42802748053679385, 0.9211449808535633, 0.41151362784789725, 0.684583816078615, 0.9894844497630799, 0.022325008854119255, 0.1852148092558159, 0.15741503026910109, 0.8811111811942116, 0.3018055083720289, 0.6013016085004709, 0.7625680149822952, 0.5152160196008772, 0.7832299930710582, 0.8091835451517438, 0.9425651694242199, 0.9526834475656802, 0.7563580961850718, 0.3239049412330042, 0.27898233881042533, 0.07851479006044004, 0.20236587558403762, 0.5628303542720069, 0.49761415258037434, 0.7962960424325386, 0.7701458356418158, 0.38918942226988584, 0.09291976991786188, 0.3566554415772534, 0.6260895057103502, 0.4891721710327135, 0.8506409943617228, 0.33604720537328525, 0.7009771702828155, 0.8491611087412042, 0.8879693593760098, 0.8379890964462505, 0.7777081538465808, 0.8188732522464037, 0.5898460819957606, 0.6696946112824342, 0.29858727195379975, 0.06478264590627836, 0.4982274215226403, 0.6879551966043533, 0.4587530281276848, 0.9117025271748923, 0.9674771456225346, 0.39830090023160336, 0.9678868105948011, 0.3860385131900188, 0.5817951209691303, 0.7714143937936067, 0.27969410150284535, 0.373560975103857, 0.8020138293671155, 0.9501189520460223, 0.4978411354379412, 0.8154662406739113, 0.019966503555878035, 0.7063078933154016, 0.29233573433371485, 0.5055957683652677, 0.8373550717363316, 0.06126548309744051, 0.6516862646342915, 0.3469309947979128, 0.9923529472940189, 0.44730238499566155, 0.18705562475423798, 0.3577659541612601, 0.6274374148748834, 0.19909916284081308, 0.2271504972660776, 0.4458151736334375, 0.26987827301728184, 0.24416346870371686, 0.10833649260994649, 0.03140005654595601, 0.6562884256914295, 0.741816223428648, 0.8035144137137867, 0.4957821955706393, 0.5492953990688693, 0.5551738714769902, 0.45017478565014746, 0.8876115266113216, 0.2193108589611653, 0.23161159534206055, 0.6483546170120816, 0.12061513202241059, 0.5397895068151434, 0.4040648550650574, 0.8183342694649411, 0.02566610001087055, 0.29286693045972834, 0.04702121362314038, 0.6313684932687909, 0.9216054361844169, 0.00901652629221572, 0.13444129339175737, 0.7355044003082856, 0.00031179102070388875, 0.7300191817010742, 0.33258783846000417, 0.4049856704603938, 0.19756605422731777, 0.3357143988995298, 0.12148951153491061, 0.8700055109063246, 0.36048411223716825, 0.8857017734427577, 0.514409487273912, 0.374692892718268, 0.5859248998925618, 0.8532986808276015, 0.4446233700694796, 0.14031788813974444, 0.9142981771085475, 0.1258775599135532, 0.2881939590354643, 0.4104487044296502, 0.1597579789711101, 0.1527603787019255, 0.008603133636468918, 0.7273091623188838, 0.4858542312732954, 0.5325854986036873, 0.5133721547933261, 0.3799203590802531, 0.9135667810758847, 0.8976370947684799, 0.4799171472226562, 0.8346054809592917, 0.8995121116476865, 0.6975723030977676, 0.36366892626201575, 0.8014491037097521, 0.08842180799961086, 0.16417397509795717, 0.11629589476708047, 0.4798098333650809, 0.18151319608686733, 0.7786984108330782, 0.5728670594634043, 0.9150735094094085, 0.9398116002966379, 0.8026417971096896, 0.6617114914407718, 0.28240175950241475, 0.28853219461760515, 0.32306393194588623, 0.9217323498034851, 0.5456015077505597, 0.9997268026349185, 0.4430257102495282, 0.08794682895610306, 0.5435564969869177, 0.7188406464272089, 0.890586612635025, 0.026922867285953833, 0.41745608064899753, 0.17844419941030754, 0.06154869476276037, 0.34487472136883524, 0.014341451200621913, 0.0405099900514857, 0.6289608633461837, 0.14122012757017677, 0.5690618205432938, 0.2352658928659911, 0.19397695402349469, 0.3344398922139519, 0.8612685045591727, 0.2827205440297772, 0.6309299979704786, 0.9687465474535963, 0.01577352982768665, 0.5532413376657426, 0.7081409728670885, 0.6881588645982829, 0.8649576321680672, 0.22021773657731358, 0.19712322941510485, 0.18616389681030687, 0.09581698639669178, 0.8617727582200179, 0.635844460274096, 0.5253853930016678, 0.4831022966240438, 0.9454789841484503, 0.8011494750927808, 0.15148706614501928, 0.6820543813288051, 0.23996092796408064, 0.4376612541696625, 0.2313703504266582, 0.16210550893477083, 0.6748738244448458, 0.5371793914815166, 0.9366669849415179, 0.875829921436203, 0.9474574513355033, 0.20295817913487424, 0.09627581633253413, 0.05158686253842226, 0.28058413408892613, 0.3902612620593263, 0.15571849606302335, 0.019215672953005303, 0.6540887698922293, 0.33247571142771026, 0.6710054811659799, 0.6468887770880066, 0.39116170953618046, 0.10889169396159726, 0.520164758191784, 0.34195351700750565, 0.9386613262031817, 0.3048336020813375, 0.7511807161269303, 0.09291335194386441, 0.6854007475930026, 0.8355823351916115, 0.6485993384314566, 0.09012322060855327, 0.6358012051240662, 0.31280893149529365, 0.6894359348754836, 0.11938622892531336, 0.7173044667537563, 0.5085165134942193, 0.16385556704547566, 0.6753989289766825, 0.1524033406391262, 0.7391743072699855, 0.8963507352612258, 0.1875980998617892, 0.6991103782741872, 0.42481237765663216, 0.7514890659363127, 0.9553385470540405, 0.2735088756138141, 0.08602489274354441, 0.36129325033584103, 0.6397809121242912, 0.8546289707079557, 0.8829647676298116, 0.3509025974683486, 0.31918657221789004, 0.6271304289406107, 0.8125415638078104, 0.5223470124476127, 0.3074561678943022, 0.7300300208917161, 0.6380708576520892, 0.9156757123125826, 0.7378843466453534, 0.6350588063385602, 0.03525740662123755, 0.21714191710363862, 0.3436948685167527, 0.9657995978027635, 0.8155833674191854, 0.7626713725436417, 0.25784179886232583, 0.024465245920502365, 0.27870114392744083, 0.887463322275861, 0.8687766160908259, 0.35598920369568043, 0.2818191314974131, 0.3009522251175005, 0.6147403251177082, 0.024225857743434664, 0.4714179122798777, 0.8146351605856219, 0.7203334649887377, 0.21735459987235106, 0.3518768162748437, 0.12025670636663865, 0.01920088684850385, 0.5404256977793179, 0.7205072123339982, 0.6543702655283543, 0.48339033551000055, 0.822912560010856, 0.7955602115580542, 0.9832290637373063, 0.8040573015376085, 0.20929941324132895, 0.09904550617830599, 0.34104554060352466, 0.8272191216136621, 0.9102979385264128, 0.9037198665783847, 0.19678055972555564, 0.6565035945573076, 0.8017627720951417, 0.6260354644503754, 0.9724738470900457, 0.05634219050820877, 0.7187405472975849, 0.4476942565241624, 0.4371127639917478, 0.4600290784068708, 0.16099935070914884, 0.6097113959098818, 0.5861251979353125, 0.940727399465075, 0.9888163960841946, 0.685686644825096, 0.5424490420943664, 0.41546072060945183, 0.9974353324262859, 0.19373190109779614, 0.10462866883319843, 0.5307989087307475, 0.21560952515452425, 0.16753719468431627, 0.13496147320463447, 0.7451722564855352, 0.28796991853354115, 0.03068785852360134, 0.15155485503910293, 0.43958295752568965, 0.5948216822079958, 0.00871076921747449, 0.6427871386421747, 0.9384380063178637, 0.512118223035438, 0.4040510270157259, 0.059754852644416157, 0.7023610920917405, 0.372359320149534, 0.9678048501336557, 0.05259256178813765, 0.7653224761824236, 0.9739113145088159, 0.11264380230994397, 0.5170131709386827, 0.34291640019023906, 0.5102737149423183, 0.0710668374793666, 0.2815870568338239, 0.9295902812195603, 0.5916930310772283, 0.09671500562380986, 0.32718016027518015, 0.009560608670727722, 0.16757283622946406, 0.5565655511883386, 0.9924507892175874, 0.1763864698172768, 0.8875714263003692, 0.4984416447701365, 0.2934700741869448, 0.7304911638892597, 0.4534405317030106, 0.40416281977159463, 0.09324209108362458, 0.14500940792516837, 0.2219699366380412, 0.8441245064612952, 0.35629668465683184, 0.15766198368980822, 0.9119767519943124, 0.42548479081605317, 0.3103957456734716, 0.02844428391891407, 0.9774770915543327, 0.18319919354758374, 0.2844494166596957, 0.7760156634981782, 0.712193221398068, 0.867254198007502, 0.2069628120060012, 0.12267400432124209, 0.9797398459598599, 0.02344901004433253, 0.8517517444946586, 0.10344057172297716, 0.9533519980762569, 0.5017338132677646, 0.8406138800663723, 0.28036680497644373, 0.877379704976504, 0.08917917781330109, 0.05370306122516866, 0.32171249548576597, 0.6767832597240095, 0.05294886083455996, 0.06699970178222425, 0.29124234692775275, 0.3989238598222937, 0.7355015121719906, 0.36815520478775765, 0.7010600271695022, 0.5924096686621109, 0.7267140754914393, 0.36338503843492753, 0.1967846127247691, 0.6123200824017564, 0.4442302112272766, 0.5562887999656133, 0.6522298573060914, 0.4266186681261792, 0.8494075922182808, 0.30525683371401635, 0.12230530962228192, 0.10032422814151043, 0.5267975628088172, 0.42794168369909436, 0.4110629129814023, 0.8256091191652043, 0.2013985036734165, 0.5782415070491487, 0.9410123609630525, 0.23141375445531376, 0.3887141701515423]

Erro da solução (|Ax - b|): 8.840461674830124e-12
Erro (|Ax - b|)/|b| 2.661489903246974e-16
Erro no vetor x: 5.33506753491466e-11

Tempo de execução: 0.14280056953430176
