Não é uma matriz diagonal dominante

Logs intermediários:
Iteração 1: Resíduo relativo = 0.2876290057359941, x = [0.9453766737844016, 0.9676403587840223, 0.942661003075519, 0.9770257877699978, 0.9932881625725425, 0.992303258183287, 1.0419440812555438, 0.9345818762034975, 0.9634035444004796, 0.9101190849897711, 0.8110752797501471, 0.8841052362068287, 1.070719756717106, 0.9330265512570228, 0.9815399477912615, 0.8837015233940694, 0.8767553188272905, 0.9229861761965129, 0.7044459032457595, 0.8865326674363261, 0.8362820314301475, 0.6825711522791233, 0.6722960715620032, 0.6667301831755561, 0.8302844213186897, 0.6297045216242478, 0.7613754368551524, 0.85512051043845, 0.9165048231353492, 0.7487159027552817, 0.7123817897507305, 0.47665148123945755, 0.5670755600472459, 0.7454834663836707, 0.5973922289706706, 0.7062727273496237, 0.7337294322897512, 0.712318410312352, 0.5235359523670575, 0.8389732715746341, 0.7597173007884, 0.3481224219626632, 0.6739612277007638, 0.411502303863014, 0.3713644359320777, 0.5206066924623336, 0.6134845648181515, 0.41712720689813576, 0.4334988046375846, 0.5544190699718041, 0.13632687729916082, 0.6044864294090035, 0.710236728962232, 0.6098521873264879, 0.18322604688169175, 0.6831353729099567, 0.3736678667457909, 0.36892380152348436, 0.6924730229864278, 0.23718194201095355, 0.7808232638564327, 0.7271081921454848]
Iteração 2: Resíduo relativo = 0.1054179478481474, x = [0.8115338090764077, 0.882008050548531, 0.7866812175330036, 0.8931972966771556, 0.9465983872864782, 0.8961814495351456, 0.9456093096407949, 0.6891496466405308, 0.791886190475646, 0.6076919790112016, 0.3535915732576857, 0.5357643383744188, 1.0884548476661782, 0.650188139620574, 0.9612421574182357, 0.7504807116203263, 0.7371933452546712, 0.785579136212881, 0.2836117294780345, 0.7947976620597935, 0.660268234048067, 0.2424574768854209, 0.20534583772064335, 0.1952572680638821, 0.5818697122753166, 0.14082648366921907, 0.4931251006517273, 0.6624469516454932, 0.8256419643267542, 0.48389289779160316, 0.3518278895878154, 0.17645769148489704, 0.21883561139194352, 0.5152504440850347, 0.08102369146805255, 0.3522759175082965, 0.43614151837482423, 0.765598453647883, 0.271049417070237, 0.6003570786110134, 0.7996884452824568, 0.4099262869060367, 0.8931917356984764, 0.5431732930490742, 0.3574977198468464, 0.8403570823211394, 0.9859155959248904, 0.4876078383860228, 0.5448011660982509, 0.8410679599601093, 0.06909341437225931, 0.3239039376204076, 0.5805335345046987, 0.7950924722751809, 0.02032580906981002, 0.6841871725496519, 0.23618647398430906, 0.7980229879446918, 0.8846392391510414, 0.16647484063143647, 0.7035223138716268, 0.4016439995064134]
Iteração 3: Resíduo relativo = 0.08166528925595012, x = [0.61201661245688, 0.7455250845212136, 0.5612655619600104, 0.7406928985799703, 0.8421577649088432, 0.7318745695490421, 0.7691562790482945, 0.46589395452786353, 0.6301646651288988, 0.30750918625519774, 0.14671868768975802, 0.35995503877093005, 1.042812797497299, 0.3244727936077745, 0.9700332159117458, 0.8005595473257194, 0.7989021323444622, 0.6729422516806732, 0.17491817929171394, 0.9445684664348826, 0.7782421586534155, 0.18943210634467117, 0.11256744489578133, 0.11662722772178104, 0.5194937587469433, 0.12100541104982865, 0.6076980237166957, 0.6648251380961783, 0.8756642475016115, 0.5578643520532914, 0.340603395119023, 0.2825246133553968, 0.35056187687359075, 0.6950405900997676, 0.06068713674051513, 0.3330313561592181, 0.4929586120238561, 0.7258734833782723, 0.1395031420212022, 0.4200217751330159, 1.0042078876664586, 0.41222304376988367, 0.8500606208423284, 0.4306473204101939, 0.30296496668086736, 0.6296861911737366, 0.9139003947687643, 0.43055815353588006, 0.6102071536716059, 0.9121094705052724, 0.08168232654302336, 0.03557061940140449, 0.3710835079931917, 0.8651052534473122, 0.08582593589338647, 0.6005378233241095, 0.14651931024060763, 0.9602074898155408, 0.9280485867484997, 0.23589158731526333, 0.7588240421774637, 0.19143414314464033]
Iteração 4: Resíduo relativo = 0.04005326485417541, x = [0.4728923309666116, 0.6509309039712132, 0.43131332386612836, 0.6517603628650398, 0.7612558176522533, 0.6144930760925924, 0.6682444840400557, 0.38754141591705615, 0.5208596114981393, 0.14717831455633668, 0.08299792312283517, 0.31893735742351786, 0.9937870550544236, 0.1656155289580566, 0.9722453914755128, 0.8279283154415117, 0.8380713238478359, 0.6054066334987102, 0.13413342221805782, 1.0139065961507345, 0.861974294488813, 0.20543658301126688, 0.10766224941425695, 0.12737567731184823, 0.5154400666858403, 0.15155867752701563, 0.6846151986238981, 0.6936262953757962, 0.9162468166437366, 0.5828458384940587, 0.33753412383676934, 0.20854854131462847, 0.4121799843549254, 0.7735551075091246, 0.07329824975853101, 0.35838870057224625, 0.5494508490498153, 0.7980764193615139, 0.13662780563311136, 0.3271168323985497, 1.0238042977650652, 0.38218190501738597, 0.8229213943399641, 0.5301902250978807, 0.3158266086441421, 0.6722039402742761, 0.9379794129446545, 0.5542258371288014, 0.6210436057523738, 0.96436401704195, -0.022012656678782466, -0.048008103949486, 0.3134015480363982, 0.9243217711526879, 0.0574756719521982, 0.4954460172902304, 0.1270263679301138, 0.8569121064725862, 0.9474671509521856, 0.14864713925508807, 0.7655407917654954, 0.14475427989469616]
Iteração 5: Resíduo relativo = 0.028133924305635095, x = [0.3608475733197842, 0.5747394375163625, 0.35906614259018904, 0.6070871397677454, 0.6903448689739184, 0.5149889942344393, 0.6414012551856642, 0.4065225293158187, 0.4535613077853491, 0.07920183957788476, 0.09729196552889173, 0.332521482493271, 0.9592855006573945, 0.10424926053369984, 0.9671401802483234, 0.8217912365075455, 0.8444351424684824, 0.5603141307594294, 0.10949782254404522, 1.0049415242029849, 0.8938640885091295, 0.2274300489502018, 0.11872246710125406, 0.15403147752429935, 0.5300983652233829, 0.16792553409829497, 0.696860234787636, 0.7215731927804764, 0.9450075265018917, 0.5675056258344267, 0.3146459591542626, 0.08818104572090975, 0.39469859481825953, 0.7652717488942471, 0.06587689180717143, 0.3699870920642878, 0.565018478920329, 0.7962505194018514, 0.1674477627728874, 0.2657974782376569, 0.9803186579546852, 0.32789337608823976, 0.7979300407327906, 0.5780580578005035, 0.3458506891406157, 0.6467690808618951, 0.9751046998602267, 0.5505685937249987, 0.6170779040781773, 0.9149846342573562, 0.010877716517222365, -0.06553523010466439, 0.2902026774353825, 0.8781190061464916, 0.08283854215547279, 0.4855028948235388, 0.11073151940523406, 0.8925888488221442, 0.930187868359202, 0.17729475803401118, 0.7794981228733092, 0.1891334917231198]
Iteração 6: Resíduo relativo = 0.01925378035491293, x = [0.23608433631876669, 0.48803336940172193, 0.29962720444925073, 0.5777296245820207, 0.6059030782440874, 0.3989433782883171, 0.6347843621499872, 0.45832996613460186, 0.3917983362621193, 0.02729224397810135, 0.10878239077432347, 0.3588246807346902, 0.9301151487333783, 0.09208813958744293, 0.9601891120798609, 0.8014607833714765, 0.8403205865711482, 0.5204596159202027, 0.08713530811328121, 0.9635834952748479, 0.8964446218148452, 0.23770915744696175, 0.11529266773180312, 0.16430612192338737, 0.5415900694107822, 0.16497678476743247, 0.6756941867941764, 0.7422265554461048, 0.9745767355660299, 0.5598021005255989, 0.298581189994861, 0.0882847364993487, 0.37689890517820746, 0.7389973026926624, 0.055601643064032105, 0.3764205596477622, 0.5519551023364385, 0.7885592858805234, 0.16899296242046782, 0.21058659331392124, 1.0083478872122746, 0.3916147806412581, 0.787350603118214, 0.604353359133874, 0.32688937842054505, 0.6209759638072416, 0.9524151477699077, 0.5392532757400699, 0.5705416348064026, 0.91176134634064, 0.016426379438290513, -0.02502752336900515, 0.29181661693554656, 0.8443633512098487, 0.062252131093525814, 0.49032929410366743, 0.16388869870521267, 0.8974611921129485, 0.9337602019363451, 0.17515226293754393, 0.7768116465946756, 0.2538388066686113]
Iteração 7: Resíduo relativo = 0.012443950535918498, x = [0.15827663754621746, 0.4319523260187723, 0.2783771373036882, 0.5713955871018631, 0.5488072702055934, 0.3359682620724663, 0.6348424669780881, 0.47530504534733287, 0.3663271865138517, 0.010761921049520319, 0.10881277811638873, 0.3637706394829654, 0.9263786290437203, 0.11193597100303718, 0.9593336671129346, 0.7936580728724, 0.8441699852918694, 0.5064736351713106, 0.08034892856123271, 0.939229560714535, 0.8862046162515932, 0.23691424012363835, 0.1016382166579352, 0.1529739421209731, 0.5408387071445117, 0.15535696198705404, 0.6605623502712079, 0.7463058383743075, 0.9899530077476573, 0.5618404361732926, 0.3120501429847743, 0.11132846970775664, 0.38878242077871517, 0.7199405081156142, 0.06300857419452091, 0.38397753962789954, 0.5396972942998142, 0.8067436818173823, 0.1839469290817238, 0.18974604975960138, 1.0190865111228964, 0.3822170727486663, 0.8262020501437496, 0.5719085759628735, 0.34139738234530026, 0.6033874699830315, 0.9672185858532268, 0.5391695741509938, 0.594388327557695, 0.8995105036757916, 0.013978724256378581, 0.009409441024097485, 0.30762811756011926, 0.840787229478212, 0.05730177622289667, 0.5056258479705332, 0.16819792136120817, 0.88345390768399, 0.9004528585359621, 0.1613555337982614, 0.7695222091511831, 0.26226229572521986]
Iteração 8: Resíduo relativo = 0.007558379116701147, x = [0.1050276871817977, 0.3919982110564149, 0.2765809777946917, 0.5750658570300069, 0.5067091274297014, 0.30236676335680446, 0.6290411923580871, 0.47291961384109127, 0.3590798896360911, 0.013069867471481832, 0.1044134196977836, 0.36323938457946126, 0.9341239500923197, 0.13753868142789644, 0.9623916307125548, 0.7971767957833948, 0.8551022626899707, 0.5056212849997346, 0.08122259588632808, 0.9293421733978889, 0.8785037126549123, 0.23715202615688552, 0.09143001866162045, 0.1385050396699377, 0.5369123692861788, 0.15153506013462772, 0.6593002423965313, 0.7455140882257678, 0.9959588568545396, 0.5625739451373827, 0.3317681748957765, 0.12049351248011915, 0.38242791419687017, 0.7057981104681628, 0.07395603402093977, 0.3909978217068415, 0.5330145722861, 0.8240268832767343, 0.17696627917149207, 0.18362229147537876, 1.010168721990849, 0.3567936277520872, 0.8133598962655576, 0.5683217588811336, 0.3313467107687176, 0.6198327899694279, 0.9402846716154503, 0.5346588417625913, 0.6034370956538607, 0.8968617677287881, 0.015260823165205653, 0.02261173839813595, 0.3323408085336241, 0.8579060008763953, 0.06176246177144957, 0.5225454845397013, 0.1648610837302856, 0.8843704898472496, 0.900316732686273, 0.17248869251762658, 0.7706485529779916, 0.2547723784077438]
Iteração 9: Resíduo relativo = 0.004032070009753218, x = [0.07169502599720377, 0.36588900699017324, 0.2833999784936168, 0.5808238501186089, 0.4784168648891942, 0.2880089598089567, 0.61929799754139, 0.4633499069153818, 0.3644186393784358, 0.026688954507946797, 0.10496205094020228, 0.3626447406651416, 0.9427247953716983, 0.15498221206229645, 0.9657741789740674, 0.8044660776019577, 0.8641850854631772, 0.5095629415309405, 0.08334852059429738, 0.9254307787883325, 0.876468871351657, 0.24076804927619883, 0.0900512963841791, 0.1307183236572472, 0.5353326028752486, 0.15602227539970145, 0.6673535008837463, 0.7449628429917219, 0.9950975379550214, 0.559846726257163, 0.3421765794447859, 0.12929892213288935, 0.3749124263411583, 0.6979282042582704, 0.07836702864890263, 0.39385285473062154, 0.5332203872166801, 0.8129738896905081, 0.17621785085256758, 0.18216244980090962, 1.005331917717276, 0.35661693045337045, 0.8153034692510468, 0.570217022380228, 0.3410407554670621, 0.6317002899203378, 0.9471389635138363, 0.5168206694975319, 0.6037294867345399, 0.9003620066354562, 0.009920630316877108, 0.017100871006255187, 0.3347307439188176, 0.8489909862601558, 0.06273450648437466, 0.5239217693646089, 0.15808649874334121, 0.8765863580340046, 0.9219520618824942, 0.1756200524078743, 0.7701997908176041, 0.24573596060546532]
Iteração 10: Resíduo relativo = 0.0024359419485368893, x = [0.05489907907678743, 0.3520165791708708, 0.2900374249393411, 0.5838803500492669, 0.4620849181325891, 0.286985400765871, 0.6127418920269371, 0.46011689470140776, 0.37473273128779394, 0.03842632607807206, 0.10916119354448592, 0.36384202307708857, 0.9441645837073246, 0.1584018003891708, 0.966495060446851, 0.8073163823126241, 0.8647018131191664, 0.5123329513786355, 0.08331347944896897, 0.9212045811124836, 0.8758097097761733, 0.24388363643475447, 0.09209400581321117, 0.1286208246402103, 0.5365897463172001, 0.16165863470863695, 0.6734290821513429, 0.7444689323614891, 0.9918588432478461, 0.5554923660180965, 0.34085069442977306, 0.13234834500337142, 0.3735989376852993, 0.6945051698082465, 0.07401209133798706, 0.3962352095874572, 0.5344219576224563, 0.8052612233871678, 0.17581147534551966, 0.18459486757518911, 1.0017603293686352, 0.3582230573384578, 0.8158666536039458, 0.5672798019404458, 0.33511512436008534, 0.633793083997823, 0.9508869167158286, 0.5279859350233769, 0.5978648268949639, 0.9046534924977825, 0.01613567532409682, 0.01532273253023874, 0.3279036699657591, 0.8482278107486853, 0.060717419060205564, 0.5199757342070995, 0.15609628925309973, 0.8798616170831702, 0.9175730909193496, 0.1754477630444886, 0.767943473346855, 0.23434641882802326]
Iteração 11: Resíduo relativo = 0.0014222826881796246, x = [0.048664137405602825, 0.3466098713842694, 0.2923342317317024, 0.5842715070063927, 0.4550067011884019, 0.2896072744736389, 0.6135223062680873, 0.460191790287415, 0.3808680897831175, 0.04243975093279339, 0.10894039907739544, 0.363879625249892, 0.944228211121846, 0.15680118431977996, 0.9658110349464355, 0.8070381785275329, 0.8626901369937517, 0.5132755012718091, 0.08353775892598757, 0.9194453041585599, 0.8748276619567904, 0.24497654852351008, 0.09203888272658896, 0.12747854412889678, 0.5377926794563168, 0.16263873864061895, 0.674700882305347, 0.7433992745719943, 0.9906634404893484, 0.5541222698880007, 0.3391894885785478, 0.13335675689249285, 0.3760519322818736, 0.6933459897844654, 0.07054272246347526, 0.3975925724042709, 0.5347911726146601, 0.8023068121981463, 0.17665299592110756, 0.18714669966909184, 0.9996758366220202, 0.3583548647121581, 0.8165033140612356, 0.568830625538425, 0.33423198825059075, 0.6313712670930484, 0.9518063200372842, 0.528155423608283, 0.5966048956290599, 0.901930353090276, 0.016073188055568864, 0.0110853975552604, 0.32706203433396974, 0.8557025742742947, 0.06390965379770477, 0.5182035890397918, 0.15889851427070284, 0.8802866515042629, 0.9178967156813278, 0.17238640561081398, 0.7674658432494457, 0.23471813723972235]
Iteração 12: Resíduo relativo = 0.0007242834571637627, x = [0.04464730336413936, 0.34297267014689925, 0.2929139773632053, 0.5836974023760495, 0.44960007272038516, 0.2938597879661702, 0.617093962050676, 0.46112751173561906, 0.38500450451341983, 0.044206770613700826, 0.10710147205771715, 0.3630278963571702, 0.9443137565038284, 0.15399391184456923, 0.9646677789063763, 0.8061530579302796, 0.86044015898826, 0.5140050536967825, 0.08460974355983307, 0.9193008597875597, 0.8738271927098283, 0.24570537917876903, 0.09115270415651741, 0.12608737613965745, 0.5390554608581084, 0.16190766979954388, 0.6746981980686552, 0.7420215332058676, 0.9904376384773147, 0.5542201864147598, 0.33847914957845626, 0.1347120933998515, 0.3783494094894558, 0.6927706923000534, 0.0680668685948694, 0.39865139175560727, 0.5350235045669628, 0.803493578074756, 0.17728285814626193, 0.19018085831143502, 0.9987057509831494, 0.35895511387420037, 0.8151407857290994, 0.5678511170908906, 0.3341677990621112, 0.6324644131741622, 0.9507649073377694, 0.5300266944034578, 0.59793206181679, 0.9017588980619916, 0.015536892293873669, 0.00924491298738202, 0.3245575531900504, 0.854346494809776, 0.0652311519015432, 0.5164143328684992, 0.15709964663029183, 0.8799117417894948, 0.9191476895798059, 0.17269719256423005, 0.7692288249117522, 0.23879198278978145]
Iteração 13: Resíduo relativo = 0.000354694863398131, x = [0.04300184968750767, 0.341472793850745, 0.29229622634160857, 0.5829847421908217, 0.44701541752916724, 0.29724261480847075, 0.619148862824533, 0.46168992131653636, 0.38598007057305, 0.04406745711307311, 0.10716807707959038, 0.3624045713052271, 0.9443752934186952, 0.15253982241295233, 0.964077269512315, 0.8060376017972694, 0.8598620078969526, 0.5147036371669987, 0.08572023239384857, 0.9203188090375148, 0.8737006956397336, 0.2460919283233019, 0.091037579596335, 0.12525954943097156, 0.5397924268545692, 0.16156252869537663, 0.6748599380710808, 0.7415687089213194, 0.9905927247116352, 0.5546074824416135, 0.3389980843606607, 0.13471632604999348, 0.3783903040055842, 0.6925933646236354, 0.0679956792764491, 0.398237135280687, 0.5353180414146164, 0.8021093799801491, 0.17656726834163894, 0.19159215451796927, 0.9988237976594698, 0.35857766072268565, 0.814968600128431, 0.5692058025232722, 0.3352837092155734, 0.6323783274591961, 0.9506918506781081, 0.5291249649420182, 0.598317463465081, 0.9039466348328244, 0.01492420285426496, 0.00953491774291393, 0.3249432351283135, 0.8543769421583285, 0.06363482437534722, 0.5160236337062208, 0.15698454570902595, 0.8802760618785106, 0.9169655168181654, 0.17346487368894614, 0.7699734044839611, 0.23953547768205494]
Iteração 14: Resíduo relativo = 0.00021398167012045817, x = [0.04249915201341113, 0.34105221941263025, 0.2916929135259542, 0.582615441932935, 0.44597157598795345, 0.2990013609986364, 0.6193197389197113, 0.46183502967715356, 0.38590058443994685, 0.04373358424366029, 0.10744794852574563, 0.3624416965202073, 0.9443080947859285, 0.15206385612668102, 0.9639395656453638, 0.8061187312670569, 0.8597901373956579, 0.5151597330715029, 0.0859877168484246, 0.9206259374084547, 0.8736763773074038, 0.24599345442429893, 0.09127202132432355, 0.12497432170697564, 0.5400820133317867, 0.1619232060789258, 0.675063113854234, 0.7416327551790336, 0.9904646171771551, 0.5545603549049463, 0.3392320536476922, 0.1344000283867102, 0.3777534506395179, 0.6927761650724982, 0.06841875104539408, 0.3979064223563672, 0.5354583538651755, 0.8021442624130564, 0.17623605702635356, 0.19232227407505795, 0.9995040204694519, 0.3584373843821703, 0.8148745768037433, 0.5688001467278296, 0.3354468750711217, 0.63284215053741, 0.9507319192756833, 0.5290324939779121, 0.5984140005435553, 0.90394588212471, 0.014622870135729847, 0.009502309276908524, 0.3250594751700001, 0.8539540034149662, 0.06371060492483802, 0.5168828266300459, 0.15751744943845095, 0.8809580144918527, 0.9168439048870618, 0.17257150405600208, 0.7693432567395141, 0.23964565454800876]
Iteração 15: Resíduo relativo = 0.00013259835930634108, x = [0.04228310482515952, 0.34090643499253925, 0.2912586347002158, 0.5824106785938673, 0.44537197285233554, 0.3000475918724429, 0.6190825564786346, 0.4618474074064566, 0.38566613124266574, 0.043532457320426966, 0.10749361253784336, 0.3625176127178837, 0.9443010055550801, 0.1519592475085275, 0.9639188086772321, 0.8061461150967724, 0.8597351336265202, 0.5154588170705842, 0.08601193872249106, 0.920560986545837, 0.8735666818908391, 0.24581072586971967, 0.09131909550465345, 0.12488664590853915, 0.5402535357036414, 0.16219214243903632, 0.675107413783565, 0.7416570787935446, 0.9902443583443484, 0.5544384456866652, 0.3392521141504502, 0.13405161508168686, 0.3775999142607931, 0.6930133520261013, 0.06869675502368515, 0.3975345147939614, 0.5354113679808159, 0.8021914391358771, 0.17627934132261683, 0.19277882379175024, 0.9999932545267172, 0.3586153464831882, 0.8151435002748846, 0.5687001843904625, 0.33514756208977153, 0.632877726594345, 0.9508019017175702, 0.5290718409654421, 0.5985639481771692, 0.9033519662646635, 0.014879979257829534, 0.009497676470146835, 0.3254187988903287, 0.8539877223752164, 0.06322368155068685, 0.517016325859113, 0.15754170815940002, 0.8807004114632967, 0.9171081960831424, 0.1729062732823114, 0.7692981675114544, 0.23958978276135257]
Iteração 16: Resíduo relativo = 6.894845220510682e-05, x = [0.042203056253813515, 0.3408764390043824, 0.291036496933757, 0.5823399791790698, 0.44506837752884365, 0.3005090413387468, 0.6189507047647176, 0.46179906950082045, 0.3854096809368988, 0.043466284001431446, 0.10747264269210102, 0.3626024226127942, 0.9443184285351006, 0.1520037172928311, 0.9639376736212583, 0.8061372907535134, 0.8597088228442608, 0.5155967919480579, 0.08605074777973783, 0.9204551861391477, 0.8734889083191891, 0.24573885462197204, 0.09122456107661549, 0.12490805758376926, 0.5403530444009549, 0.16224148086362244, 0.6750504105304314, 0.7415941872889594, 0.9900844800483631, 0.5544136974749224, 0.3391844682802888, 0.13379352947451645, 0.3776158587380031, 0.6932025316225766, 0.06875286274853085, 0.39723537005696574, 0.5352773050230559, 0.8021275545741713, 0.1763171078895095, 0.1930070942089005, 1.0000487701920189, 0.3586774989116547, 0.8152412516511188, 0.5686025141940667, 0.33524645699750116, 0.6326236511074877, 0.9507071009703076, 0.5292590766788821, 0.5983506748615165, 0.9033895340206977, 0.014797255299431135, 0.009718646195783139, 0.32557398049956765, 0.8539795403238463, 0.06349894710865245, 0.5171039829809908, 0.15748397657314064, 0.8804829927338708, 0.9173042557526754, 0.17309857345414636, 0.7693423816805149, 0.23943187588705572]
Iteração 17: Resíduo relativo = 4.130323291622193e-05, x = [0.042182972129251185, 0.3408881515624017, 0.2909470298621403, 0.5823387135558695, 0.44492935668642924, 0.3006301632216816, 0.6189568214879633, 0.4617502714493405, 0.3852128426730933, 0.04343254867250144, 0.10748154381653366, 0.3626511017015947, 0.9443403451405454, 0.1520968029964407, 0.9639636787052622, 0.8061172661664908, 0.8597132277467299, 0.5156333670150831, 0.0861262746300024, 0.920430332287581, 0.8734833697290659, 0.24575413276884792, 0.09115052312047087, 0.12495202099856818, 0.5403959963829117, 0.16222055047569908, 0.6750058639853342, 0.7415250909962681, 0.9899947724822326, 0.5544603237588629, 0.3391375625875393, 0.13377159878969444, 0.37763234739233587, 0.6933332088391326, 0.06873458360363366, 0.39708547554230006, 0.5351980478322704, 0.8021209781674385, 0.1764529491770572, 0.1931234768829747, 0.9999769605594864, 0.3588508421912088, 0.815130791592578, 0.5686624178466947, 0.33521407432825395, 0.6326086133238722, 0.950698354080722, 0.52921408030917, 0.5983983671023708, 0.9033493274241227, 0.014824607037193412, 0.009747310381699494, 0.32557234588718814, 0.8539643390003019, 0.06361018633007788, 0.5170912104294856, 0.15740753678904246, 0.8804429458222218, 0.9172360615727883, 0.17304678289105663, 0.7693084121260316, 0.23929726908107476]
Iteração 18: Resíduo relativo = 2.2810765283504756e-05, x = [0.04218105677549543, 0.34091135764480324, 0.2909011146583167, 0.5823545441814981, 0.4448421565023389, 0.30066360126606445, 0.6189891864184516, 0.461725321974954, 0.3850665448828251, 0.04341682811486195, 0.10749421321463529, 0.3626525642538593, 0.9443409764380338, 0.15218895323175233, 0.9639894964290244, 0.8060862159844653, 0.8597194963584711, 0.5156346681293998, 0.08618866877686876, 0.9204432487902351, 0.8735033781266442, 0.24577498404464163, 0.09112874654072971, 0.12497697174912582, 0.5404060366101124, 0.16221637349507048, 0.6749935282625944, 0.7414792030172506, 0.9899196936210236, 0.5544888061171127, 0.33912216679579804, 0.13376225860985627, 0.3776847144950049, 0.6934037696431775, 0.06872912862586616, 0.397006961578454, 0.5351623849615633, 0.8021592606904847, 0.17648829377769315, 0.19321074590579568, 0.9998607990464783, 0.35884305278239587, 0.8151320290602421, 0.568628750918225, 0.33518987750312074, 0.6325891181479266, 0.9507097110087803, 0.5291843177496738, 0.5983873411820132, 0.9033861553456336, 0.014868786779636588, 0.009738539148329482, 0.3255135766807595, 0.8539720904477974, 0.06356288806879434, 0.5170374495078265, 0.15748105164087292, 0.8804787218600056, 0.9172868654796312, 0.17302350864303048, 0.7692946712013211, 0.2392811303659777]
Iteração 19: Resíduo relativo = 1.3978658430947137e-05, x = [0.042187616941058326, 0.3409335810669952, 0.2908813727616381, 0.5823701820462728, 0.44479780004430924, 0.30065927542155685, 0.6189908768542687, 0.46172152941359434, 0.3849995505400977, 0.043416165952513304, 0.10749215298557527, 0.36263573202847693, 0.9443351238602435, 0.15223400583613309, 0.9640095856866174, 0.8060552018743845, 0.8597175647628369, 0.5156223223491343, 0.08621329483448761, 0.9204585963842318, 0.8735179444355787, 0.24577553860660228, 0.09114123311495627, 0.12497542306372311, 0.5403946049924105, 0.16223308527722569, 0.6750022709342648, 0.7414615873219473, 0.9898643915669828, 0.5544863864858868, 0.3391186169126723, 0.13379443273660274, 0.3776945584059699, 0.6934123603618622, 0.06873347147640439, 0.3969720691301207, 0.5351643306906648, 0.8021848728982695, 0.1764548119926404, 0.193260521139822, 0.9998333290099295, 0.3588524719457203, 0.815156056075495, 0.5686451851327605, 0.33521579513908895, 0.6325952642851498, 0.9507101321913184, 0.5291916656672744, 0.5983381556359176, 0.9033494474494275, 0.014858765600674539, 0.00972258327125236, 0.3254934974730545, 0.8539812675633729, 0.06355651696762661, 0.5170177254900156, 0.1574597399634583, 0.88051456748538, 0.9172684399412677, 0.17302225207429428, 0.7693075011604449, 0.239301064503237]
Iteração 20: Resíduo relativo = 6.429915782922559e-06, x = [0.04220016236178056, 0.34096088076704145, 0.29086561289663565, 0.582386070274758, 0.4447604998026312, 0.3006421569331506, 0.6189779625284958, 0.4617239925822611, 0.3849555567574174, 0.0434270435377519, 0.10747891492373038, 0.3626209982279818, 0.9443233545939913, 0.15225405725485266, 0.9640349590098882, 0.8060215776793557, 0.8597131100059606, 0.5156041298512998, 0.08622954045691329, 0.9204712286239919, 0.8735255580404843, 0.2457678644755321, 0.09115824779527272, 0.12496472177233497, 0.540374906761132, 0.1622588651182233, 0.6750153357356415, 0.7414470928899691, 0.9898075906442206, 0.5544718148611176, 0.33911485632661176, 0.13382055093474654, 0.3776679243269426, 0.693389179975042, 0.06873690779460549, 0.39694146210573894, 0.5351851924594533, 0.8021707147066571, 0.1764454129066729, 0.1933010168236282, 0.9998345367696811, 0.3588408893711815, 0.8151342956864281, 0.5686551327640321, 0.3352141887993777, 0.6325659005205333, 0.9507214424548891, 0.5292123901618837, 0.59836645722461, 0.9033529643435465, 0.014854656177441805, 0.009725723320336605, 0.32548603980958507, 0.8539895163039571, 0.06356068789487378, 0.5170049716434295, 0.15745395077450317, 0.8805159238048816, 0.9172680061213122, 0.17301078423836722, 0.7693249386182127, 0.23933406557110332]
Iteração 21: Resíduo relativo = 3.893827708579844e-06, x = [0.04221277494426399, 0.34098038680712156, 0.2908544563252574, 0.582390247479637, 0.4447385333368208, 0.3006224986157727, 0.618972329207732, 0.46173216374226, 0.3849464137419348, 0.04343509667886158, 0.10746866710465763, 0.36262279138966735, 0.9443164765741856, 0.15224046840543173, 0.9640575825134942, 0.8060097420405076, 0.859716380251097, 0.5155939456290579, 0.08624631250128065, 0.9204729611834169, 0.8735219433110838, 0.2457689815517207, 0.0911520745814927, 0.12496431569782165, 0.5403671337502771, 0.16227454375307168, 0.6750134147001645, 0.7414311263575312, 0.9897819141568095, 0.5544759996378777, 0.3391180306986433, 0.13381107670385492, 0.37768149074418295, 0.6933652493525374, 0.0687350078961231, 0.3969363097278319, 0.5351947114283105, 0.8021547789570938, 0.17643666395907376, 0.19332215251210788, 0.9998419749322871, 0.3588357217809718, 0.8151472897492043, 0.5686582102366132, 0.3352027910272032, 0.6325812170635959, 0.95071328455436, 0.5292073627273225, 0.5983742709999323, 0.9033559335439418, 0.014856863060749445, 0.009719879935400225, 0.32548335819536295, 0.8539794013351683, 0.06357244221249383, 0.5170081524585283, 0.157464589056805, 0.8805060662080872, 0.9172590814395232, 0.17301081135785473, 0.769329312292803, 0.23933172509563297]
Iteração 22: Resíduo relativo = 1.8920542653163614e-06, x = [0.042223047287982714, 0.3409930905601395, 0.29084480423797837, 0.5823909704434465, 0.4447216528151512, 0.3006076006001552, 0.6189745696067458, 0.46173420465190984, 0.38495222878837987, 0.04343459269802216, 0.10746580133424453, 0.3626275311255072, 0.9443149891446572, 0.15222840126941423, 0.9640727495607997, 0.8060052139514948, 0.859720866160819, 0.5155895354801092, 0.08625560336869248, 0.9204688724346526, 0.8735202211327359, 0.2457723074894411, 0.09114489920260267, 0.12497020051476396, 0.5403661187394545, 0.16228543194302153, 0.675007807621295, 0.7414184509080893, 0.98976982065247, 0.5544932942917107, 0.3391171770581398, 0.1338120472907874, 0.3776748534624114, 0.6933597825801612, 0.06872711930894652, 0.3969426101556158, 0.5351955620625991, 0.8021517342349794, 0.1764410166765677, 0.19333388402259327, 0.9998507509150573, 0.3588298807261118, 0.815142170150825, 0.568652613945769, 0.3352073886430842, 0.632585863025626, 0.9507192996092809, 0.5292077326736421, 0.5983678479161193, 0.9033558303620977, 0.014854537847023659, 0.009718129142972034, 0.3254880198279535, 0.8539832589565222, 0.06356679440942276, 0.5170110852973862, 0.15746281675127366, 0.8805063656572488, 0.9172609041883419, 0.17301633642739514, 0.7693248593104158, 0.2393279849522977]
Iteração 23: Resíduo relativo = 9.721639386243008e-07, x = [0.04222781691112187, 0.34099793908022413, 0.2908409790593524, 0.5823902311937048, 0.4447133780710458, 0.3006026210608373, 0.6189783094569912, 0.46173161755799025, 0.38495944242318936, 0.04343244617289746, 0.1074695720758632, 0.36262648563355915, 0.9443163814423583, 0.1522263850062378, 0.9640761947976513, 0.8060023961525545, 0.8597218563320654, 0.5155889900435884, 0.0862510501493516, 0.9204665087074806, 0.8735224399448376, 0.24577129265628883, 0.09114548966675294, 0.12497279648283766, 0.540365916598256, 0.16228680334105344, 0.6750078229079918, 0.7414140334136218, 0.9897636191507347, 0.5544976563305967, 0.33912048676547957, 0.13380958146316677, 0.37767874319046907, 0.69335652072912, 0.06872921749036227, 0.39694191488913566, 0.5351947390067783, 0.8021500098679509, 0.17644247132713267, 0.19333386473891845, 0.9998511403409316, 0.3588308885194004, 0.8151423005737902, 0.5686543256466527, 0.33520877948010913, 0.6325841600001587, 0.9507163696717142, 0.5292092301127703, 0.5983685138179877, 0.9033565744705442, 0.014855165916852582, 0.009719568293533739, 0.32548936589179905, 0.8539835465133141, 0.06356329623053536, 0.5170137194750504, 0.15745791731421907, 0.8805090262951305, 0.9172645612645186, 0.1730141924699749, 0.7693203290490541, 0.23932782656681023]
Iteração 24: Resíduo relativo = 4.2811413198590145e-07, x = [0.042230149510415683, 0.3410000555355068, 0.29083928935878267, 0.5823898595906981, 0.44470898813131016, 0.30060137072572485, 0.6189797278578438, 0.46173075642369515, 0.38496339699081716, 0.043431155496576064, 0.1074714428769254, 0.36262555431588195, 0.9443174982613444, 0.15222719235799306, 0.964076304990366, 0.8060020222790525, 0.8597220695383829, 0.515589252731841, 0.08624813806084884, 0.9204661745789915, 0.8735251699798277, 0.24577011436367918, 0.09114681536518232, 0.12497290763587729, 0.5403655863209902, 0.16228694206990305, 0.6750079559250387, 0.741412699737485, 0.9897613412887483, 0.5544995550171528, 0.3391206915311968, 0.13380874707686682, 0.3776774503375004, 0.6933553717701888, 0.06873000280246179, 0.3969414379129775, 0.5351935126293389, 0.8021515179682167, 0.17644236116663514, 0.19333225349985916, 0.9998507132098904, 0.3588320105988564, 0.8151417958604005, 0.5686537712706258, 0.33520953148122973, 0.6325842385554538, 0.9507160792753644, 0.5292090504643931, 0.5983692483571871, 0.9033559302603585, 0.014854117027283604, 0.00971936034235491, 0.3254880059030375, 0.853983198093479, 0.06356397885924452, 0.5170136971516244, 0.15746071272224138, 0.8805076519183995, 0.9172634515565727, 0.17301570218510476, 0.7693219230887084, 0.2393266019771623]
Iteração 25: Resíduo relativo = 2.0904791837979335e-07, x = [0.04223147441664937, 0.3410013637896607, 0.2908385119339338, 0.5823896215965715, 0.4447063995271569, 0.300601506995891, 0.6189790277065903, 0.46173136309453844, 0.3849648481213538, 0.043430880499503555, 0.1074706881432514, 0.3626260330680498, 0.9443186921105132, 0.15222829335953134, 0.9640754428084368, 0.8060026478210265, 0.8597221725081087, 0.5155896187640574, 0.08624771165154563, 0.920467148522855, 0.8735263045060843, 0.2457700378682032, 0.09114644441096928, 0.12497269193639987, 0.5403656002551895, 0.16228712782646246, 0.675008038274259, 0.741412251596334, 0.9897612230528128, 0.5545012334233848, 0.33911991973222033, 0.13380882207330305, 0.3776767934282847, 0.6933553157410345, 0.06873028365733855, 0.3969419265857611, 0.5351930095541187, 0.8021521239014732, 0.17644183062146845, 0.19333050261416873, 0.999850568232361, 0.35883163795905193, 0.8151427742041754, 0.5686544974153115, 0.33520811984715815, 0.6325838321813638, 0.9507167461841713, 0.5292087315987469, 0.5983689992871805, 0.9033562640031995, 0.014854729862210828, 0.009719762385184363, 0.32548830381385035, 0.8539827047497973, 0.06356482498194703, 0.5170131866900395, 0.15746049652317723, 0.8805077138038269, 0.9172633368501024, 0.1730149565623853, 0.7693225604112202, 0.2393272122551367]
Iteração 26: Resíduo relativo = 1.0633633560405125e-07, x = [0.042232264781137785, 0.34100234416952135, 0.290838426605214, 0.5823895550070972, 0.44470489184462897, 0.30060180615243526, 0.6189784332458331, 0.46173137191220026, 0.3849646603718432, 0.04343080309179548, 0.10747074058474115, 0.3626261419350631, 0.9443189065563077, 0.1522289881563653, 0.9640745380479285, 0.8060028282034123, 0.8597217013007976, 0.5155897961966199, 0.08624743016870795, 0.9204677241095662, 0.8735258414994869, 0.24577008310092, 0.09114552683925058, 0.12497273029222078, 0.5403657801548947, 0.1622871817179344, 0.6750082008514819, 0.7414122801141572, 0.9897613174843132, 0.5545011405181937, 0.33911961132258434, 0.1338087709547826, 0.37767705256292006, 0.6933546604477261, 0.0687306915962352, 0.39694251025138905, 0.5351933249731249, 0.8021518321497626, 0.17644220948283926, 0.1933291897430855, 0.99985080847703, 0.35883164146392726, 0.8151424288553082, 0.5686540332115431, 0.33520849765923527, 0.6325842374344233, 0.9507166337022493, 0.5292086939783157, 0.5983687487827026, 0.9033563530232344, 0.014854923433599568, 0.009719601241944731, 0.32548831615408746, 0.8539829650998139, 0.06356485103737373, 0.517012650143832, 0.15746052066598398, 0.8805078403450308, 0.9172631309799497, 0.17301487245790728, 0.7693225952549494, 0.23932756043537765]
Iteração 27: Resíduo relativo = 5.221010557512318e-08, x = [0.04223262522388849, 0.3410027838973445, 0.2908386108208991, 0.5823896321347692, 0.44470413556535776, 0.3006018756927205, 0.6189784014172746, 0.4617312394326951, 0.3849642829387493, 0.04343092082885734, 0.10747073150195524, 0.3626259286121316, 0.9443186745280403, 0.15222899963166334, 0.9640741898536099, 0.806003145799659, 0.8597214466254921, 0.515589943214512, 0.08624764813143326, 0.920467740751013, 0.8735259390222749, 0.24577000640826593, 0.09114564181356309, 0.12497272762401515, 0.540365848876384, 0.16228737263898013, 0.6750079532215635, 0.7414126562565113, 0.9897615043032262, 0.5545010127279717, 0.33911944722331316, 0.1338088210750135, 0.377677205077831, 0.6933544554877684, 0.0687304858500514, 0.39694300288649403, 0.5351931599749459, 0.8021517837725766, 0.17644219924536192, 0.19332875727477786, 0.9998507030624662, 0.3588316984129804, 0.8151424220546969, 0.5686540553091511, 0.3352085114647686, 0.632584160448501, 0.9507165449663166, 0.5292087407186183, 0.5983689143814839, 0.9033563557558203, 0.014854710252306013, 0.00971951913540689, 0.32548839416441955, 0.8539829331149713, 0.06356474211367082, 0.5170128420170824, 0.15746046842962447, 0.8805078950222548, 0.9172631926138126, 0.1730149687148883, 0.7693224859862561, 0.23932745562361626]
Iteração 28: Resíduo relativo = 2.0733304784476072e-08, x = [0.04223276833349349, 0.3410029557957782, 0.2908388298472527, 0.58238968584438, 0.4447037965910095, 0.30060188619756995, 0.618978473887306, 0.46173121007205387, 0.3849641021041753, 0.04343097813723441, 0.10747068775172208, 0.3626260206986906, 0.9443185067301825, 0.15222876517019082, 0.964074084668483, 0.8060031468755237, 0.8597215210399548, 0.5155900706846257, 0.08624759533942612, 0.9204677771552527, 0.8735258966549159, 0.24577004088103319, 0.09114561612638827, 0.12497281901658315, 0.5403658797841585, 0.16228714345639514, 0.6750079981111479, 0.7414128170562856, 0.989761590047853, 0.5545009832399241, 0.3391195099905902, 0.13380895971895412, 0.3776771435119375, 0.6933543697917646, 0.06873050030155395, 0.39694302764836176, 0.5351932158231457, 0.8021518373305728, 0.17644207357227823, 0.19332865419278314, 0.9998505855410784, 0.35883169447671415, 0.8151424207923885, 0.5686541041382597, 0.335208522555688, 0.6325840888834243, 0.950716599623858, 0.5292087725969151, 0.5983689032847865, 0.9033562817042722, 0.014854787233000407, 0.009719536257596435, 0.32548838130430985, 0.853982910811317, 0.06356472924677854, 0.5170129306523836, 0.15746048311186583, 0.8805078008332782, 0.917263249245904, 0.17301498507412633, 0.7693224307775812, 0.2393273507179274]
Iteração 29: Resíduo relativo = 1.1107847827615599e-08, x = [0.04223280269361932, 0.34100298756960495, 0.2908389023648454, 0.582389701428768, 0.44470372026160926, 0.30060188455395787, 0.6189784450474611, 0.46173124803365406, 0.3849640708922629, 0.04343098072257533, 0.1074707047799124, 0.3626260070087089, 0.9443185004679348, 0.15222871332232127, 0.9640741019288261, 0.8060031456618642, 0.8597215261217255, 0.5155900836921637, 0.08624755229086836, 0.9204677431155138, 0.8735259060011877, 0.24577000215916384, 0.09114560077508738, 0.12497280222153646, 0.5403658554085302, 0.1622870963259446, 0.6750080056171857, 0.7414128894530537, 0.9897616248490467, 0.5545010014937158, 0.339119540955417, 0.13380897255778013, 0.3776771421545559, 0.6933544112357575, 0.0687305153645766, 0.39694302073456506, 0.5351932642924183, 0.8021518253896726, 0.1764421345581358, 0.193328674657537, 0.999850564906403, 0.35883168536927373, 0.8151424341767786, 0.5686541071311575, 0.3352084787979054, 0.6325841080663532, 0.9507166145000631, 0.5292087502467151, 0.5983688797665067, 0.9033562869619974, 0.014854742160217427, 0.00971956527968195, 0.32548834869839677, 0.8539829259996712, 0.06356473083983745, 0.5170129487318522, 0.15746047222152354, 0.8805078210028354, 0.9172632482345467, 0.17301499859475014, 0.7693224535041574, 0.23932736062143584]
Iteração 30: Resíduo relativo = 5.6371224425900396e-09, x = [0.042232820233012724, 0.34100300491144386, 0.2908389405980543, 0.5823897118052105, 0.4447036799000602, 0.3006018811999187, 0.6189784143534952, 0.46173126099702694, 0.3849640699377778, 0.0434309811184499, 0.10747070255887405, 0.3626260091751683, 0.9443185140295984, 0.1522286990863349, 0.9640741332474074, 0.8060031538784483, 0.859721534312936, 0.5155900769259731, 0.08624752519851223, 0.920467726220697, 0.8735259333239315, 0.24576999864834545, 0.0911455839103388, 0.12497279872423606, 0.5403658433029603, 0.1622870824993217, 0.6750079930237776, 0.7414129563022314, 0.9897616568791575, 0.5545010018457663, 0.33911955326095505, 0.13380895765829973, 0.37767713189503516, 0.6933544419911968, 0.06873049785091331, 0.3969430162190461, 0.5351932569726089, 0.8021518179509373, 0.176442123784003, 0.19332871139921484, 0.9998505702538303, 0.3588316889287179, 0.8151424370711563, 0.5686540972355142, 0.33520851077562547, 0.6325841186736331, 0.9507165866497318, 0.5292087377860232, 0.5983688928074571, 0.9033562900959611, 0.014854764598075125, 0.009719582174023023, 0.3254883351686987, 0.8539829389483047, 0.06356472624995323, 0.5170129241353109, 0.15746046847870349, 0.8805078202544301, 0.917263241400894, 0.1730149812055485, 0.7693224572473232, 0.23932737787506958]

Solução x:
[0.042232820233012724, 0.34100300491144386, 0.2908389405980543, 0.5823897118052105, 0.4447036799000602, 0.3006018811999187, 0.6189784143534952, 0.46173126099702694, 0.3849640699377778, 0.0434309811184499, 0.10747070255887405, 0.3626260091751683, 0.9443185140295984, 0.1522286990863349, 0.9640741332474074, 0.8060031538784483, 0.859721534312936, 0.5155900769259731, 0.08624752519851223, 0.920467726220697, 0.8735259333239315, 0.24576999864834545, 0.0911455839103388, 0.12497279872423606, 0.5403658433029603, 0.1622870824993217, 0.6750079930237776, 0.7414129563022314, 0.9897616568791575, 0.5545010018457663, 0.33911955326095505, 0.13380895765829973, 0.37767713189503516, 0.6933544419911968, 0.06873049785091331, 0.3969430162190461, 0.5351932569726089, 0.8021518179509373, 0.176442123784003, 0.19332871139921484, 0.9998505702538303, 0.3588316889287179, 0.8151424370711563, 0.5686540972355142, 0.33520851077562547, 0.6325841186736331, 0.9507165866497318, 0.5292087377860232, 0.5983688928074571, 0.9033562900959611, 0.014854764598075125, 0.009719582174023023, 0.3254883351686987, 0.8539829389483047, 0.06356472624995323, 0.5170129241353109, 0.15746046847870349, 0.8805078202544301, 0.917263241400894, 0.1730149812055485, 0.7693224572473232, 0.23932737787506958]

X_aleatório_inicial:
[0.04223282402255202, 0.3410030235398632, 0.2908389428824666, 0.5823897103351059, 0.4447036612503469, 0.3006018792901567, 0.6189784253654406, 0.4617312549991657, 0.38496408533111415, 0.043430975819890416, 0.10747069820397481, 0.3626260064113346, 0.9443185224022127, 0.15222871967498763, 0.9640741544814506, 0.8060031404623618, 0.859721540926012, 0.5155900548958909, 0.08624751387345764, 0.9204677294852877, 0.8735259562788621, 0.2457700130061784, 0.09114554667005892, 0.12497280871965988, 0.5403658397559381, 0.16228707441849965, 0.6750079974426357, 0.7414130166249446, 0.9897616973708315, 0.5545009854460236, 0.3391195525926992, 0.1338089544733646, 0.3776771383672489, 0.6933544417208064, 0.06873049659047947, 0.396943005842314, 0.5351932525321945, 0.8021518103505421, 0.17644212090530853, 0.1933287456290541, 0.9998505795650275, 0.3588316883730871, 0.8151424330846158, 0.568654097762877, 0.33520850312244865, 0.6325841162438329, 0.9507165958542662, 0.5292087482386492, 0.5983688928779729, 0.9033562892723604, 0.01485475661254787, 0.009719570208519102, 0.32548834769287616, 0.8539829311241203, 0.06356472839872318, 0.5170129237188706, 0.15746047356755133, 0.8805078249357992, 0.9172632405908335, 0.17301498424682749, 0.769322457772194, 0.23932737557367767]

Erro da solução (|Ax - b|): 2.6147885399243706e-12
Erro (|Ax - b|)/|b| 5.63712241899062e-09
Erro no vetor x: 1.1446046624736131e-07

Tempo de execução: 0.0011241436004638672
