Solução x:
[0.33857255 0.59424502 0.85672039 0.73046463 0.48671336 0.57030981
 0.74816988 0.20088876 0.12923627 0.52198833 0.10378897 0.02250828
 0.95777123 0.8520923  0.73167665 0.05816434 0.80692553 0.34881447
 0.22540601 0.21462545 0.12028943 0.41166658 0.82061583 0.20574649
 0.31289217 0.60744618 0.87445157 0.22570835 0.21737916 0.95577177
 0.07664702 0.00235856 0.96894392 0.30003165 0.66118703 0.59045237
 0.88407441 0.75992167 0.06645452 0.45537233 0.19044068 0.53541952
 0.67495606 0.50175158 0.64724568 0.91802716 0.47520427 0.14312067
 0.03210022 0.92214307 0.55061457 0.03077927 0.37149494 0.69864888
 0.67972395 0.18071476 0.91088677 0.66509627 0.36874741 0.54991408
 0.91242336 0.33887764 0.65777823 0.31837025 0.67282264 0.67416697
 0.15590965 0.13717969 0.16623212 0.23069915 0.12706412 0.31708541
 0.40200025 0.36238659 0.12424212 0.31375614 0.72631018 0.50531708
 0.12496201 0.88826001 0.1737647  0.83154732 0.41078515 0.93513652
 0.82682095 0.80016706 0.38903196 0.77520592 0.31620852 0.6971222
 0.77204236 0.84535972 0.34168572 0.25783861 0.88938862 0.86071046
 0.12768155 0.33108796 0.78664672 0.83728389 0.55826733 0.61733431
 0.19628017 0.14480789 0.74613047 0.90757281 0.8983467  0.92658066
 0.10559284 0.70275503 0.18594813 0.16557935 0.86538486 0.28059608
 0.34400285 0.20477882 0.74915966 0.12591594 0.45623977 0.95761757
 0.66946174 0.74665012 0.40115501 0.86733698 0.73368217 0.13104302
 0.86857307 0.72183334 0.66177085 0.66301728 0.72226029 0.57491115
 0.0225525  0.20700856 0.90993723 0.64014756 0.54977811 0.42806003]

X_aleatório_inicial:
[0.3385725475624207, 0.5942450248037934, 0.8567203946188225, 0.7304646290255142, 0.4867133583432721, 0.5703098080409903, 0.7481698788850543, 0.20088875651720906, 0.129236270652491, 0.5219883309047363, 0.10378897031088985, 0.022508280940487846, 0.9577712347186312, 0.8520923005888584, 0.7316766491122929, 0.058164339292674505, 0.8069255331570329, 0.34881447094590357, 0.22540600718576187, 0.21462544586674737, 0.12028942650675711, 0.4116665846950778, 0.8206158282126309, 0.20574649325841776, 0.31289217307263006, 0.6074461781626308, 0.8744515742592037, 0.22570834613103385, 0.21737916475406893, 0.9557717676921363, 0.07664702455507721, 0.002358558914772879, 0.9689439203407222, 0.30003164678680616, 0.6611870294502248, 0.590452370638398, 0.88407441236271, 0.7599216673194393, 0.06645452402713348, 0.4553723251903541, 0.1904406797562952, 0.535419518748483, 0.6749560591298815, 0.5017515820596898, 0.6472456818687105, 0.9180271580115208, 0.475204273105011, 0.14312067019320884, 0.03210022435993176, 0.9221430652219003, 0.5506145739456982, 0.030779269893162264, 0.37149494282643947, 0.698648876161934, 0.6797239535188603, 0.18071476496814443, 0.910886768741624, 0.6650962745052509, 0.36874740805610373, 0.5499140845894427, 0.9124233590199788, 0.3388776449162815, 0.6577782270431974, 0.3183702542546739, 0.6728226409916633, 0.6741669690573049, 0.15590964820263709, 0.1371796872678266, 0.16623212426715783, 0.2306991512200961, 0.12706412143007217, 0.31708541257281986, 0.402000252548812, 0.36238659418886143, 0.12424212207143281, 0.31375613691218707, 0.7263101824034546, 0.5053170785312824, 0.12496201336690516, 0.8882600078283657, 0.1737646999568776, 0.8315473180867344, 0.4107851477613943, 0.9351365232543888, 0.8268209458526995, 0.8001670630186396, 0.38903196097430504, 0.7752059204141164, 0.31620851571806163, 0.6971222031578005, 0.7720423619324365, 0.8453597208528686, 0.3416857155223735, 0.2578386088362383, 0.889388618466992, 0.8607104606037229, 0.1276815518255734, 0.33108796009834573, 0.7866467240082945, 0.8372838871920405, 0.5582673283913526, 0.617334307851227, 0.1962801727239658, 0.14480788583164472, 0.7461304721789662, 0.9075728120883259, 0.8983467041594114, 0.9265806630477146, 0.10559284145349945, 0.7027550300974936, 0.18594812964589014, 0.16557935484945863, 0.8653848594021415, 0.2805960833848218, 0.34400285117844176, 0.20477882450247908, 0.7491596619663817, 0.12591594257848093, 0.4562397678781963, 0.9576175680162013, 0.6694617362654022, 0.7466501168577159, 0.4011550056402722, 0.8673369809191919, 0.73368216746891, 0.13104302066882678, 0.8685730724456687, 0.7218333411538124, 0.6617708536732698, 0.663017279826429, 0.722260290839955, 0.5749111518939433, 0.022552498966973977, 0.20700856193881967, 0.9099372262764331, 0.6401475558590772, 0.5497781112011222, 0.42806003397404113]

Erro da solução (|Ax - b|): 0.0
Erro no vetor x: 3.498124838274129e-16

Tempo de execução: 0.0019173622131347656
