Solução x:
[0.7023709742697845, 0.292865523540427, 0.38250762326014465, 0.31396973947810397, 0.5884489042206865, 0.7935299320124678, 0.3955830478144644, 0.1323211524217621, 0.25768793785305805, 0.19198598760934668, 0.2373997477664594, 0.4694137279825844, 0.72930460534902, 0.5172478519991571, 0.820551165034835, 0.626852993403504, 0.19488187496217702, 0.40411231071881504, 0.537834630199754, 0.9149209413258163, 0.3687596569846529, 0.6139730555271544, 0.6401236892253851, 0.906778261834884, 0.9042312730164512, 0.40543786564630047, 0.9348954808234909, 0.15703209650146974, 0.8274520485589322, 0.46300810342988963, 0.605176160168505, 0.6751431454064833, 0.5432033217949999, 0.07759501236995289, 0.454528195353495, 0.42250138835846196, 0.24046949869436515, 0.9813646624328796, 0.44208920011810443, 0.9797918559874128, 0.1117850820622103, 0.3960082558953765, 0.26744475254334454, 0.3992939553201288, 0.7050793561678905, 0.5635717156751588, 0.9246523874543527, 0.4027077544152658, 0.961238576149634, 0.03861956942772437, 0.7649408804544663, 0.000911291778521457, 0.5866826889586858, 0.07757007605743602, 0.9301951296190986, 0.21164442959292068, 0.47970351908360176, 0.7119272603228416, 0.9266989777449606, 0.9034093659083834, 0.7785917425088326, 0.15967531054822806, 0.6971372712335525, 0.3046464740534499, 0.2830610550120358, 0.9484249743888582, 0.5103880680916453, 0.4395326178885117, 0.1569334729489514, 0.021385115217325237, 0.8042021742074503, 0.6087768199881747, 0.07344735323389802, 0.02957360847725395, 0.7073863240104364, 0.5996787151935906, 0.6340122857833203, 0.09453489291736628, 0.32532752464019943, 0.9961215476493228, 0.8920880704608211, 0.4067975432548979, 0.39917499723323235, 0.23691446278177988, 0.4018490143749866, 0.023985084990248453, 0.31152867786584104, 0.12588817839783217, 0.7407922469808205, 0.8700941423430406, 0.12677256968128348, 0.5504983067002749, 0.43335584125238, 0.5685815959010392, 0.38451066559519814, 0.08746094583410044, 0.6044035074695374, 0.17588460702808517, 0.22116975135272085, 0.2522762178536676, 0.3642710520705988, 0.5541019464804288, 0.9386361028198953, 0.7271824049779628, 0.1559662673651991, 0.3379853185637679, 0.8178645690200925, 0.15841924781047828, 0.5767644202682547, 0.2784055007648114, 0.69733866729108, 0.2312510724143934, 0.4704138145520132, 0.28893306525388585, 0.2356870017234207, 0.7671893573313379, 0.7825419237744548, 0.010457869580621804, 0.014397407991199398, 0.36171968077387034, 0.5181027809225685, 0.9259770626164249, 0.16986761993276062, 0.8508317268907982, 0.8198042603652386, 0.4536239340573167, 0.6372910727496566, 0.7802101424924556, 0.9057469807283767, 0.8996715694261923, 0.3412863400184303, 0.20698154060586654]

X_aleatório_inicial:
[0.7023709742699409, 0.2928655235404848, 0.382507623260126, 0.3139697394781039, 0.5884489042206865, 0.7935299320124675, 0.39558304781462417, 0.13232115242172293, 0.2576879378530781, 0.1919859876093467, 0.23739974776645956, 0.4694137279825843, 0.7293046053492779, 0.517247851999215, 0.8205511650348142, 0.6268529934035036, 0.19488187496217735, 0.4041123107188147, 0.5378346302000085, 0.9149209413257775, 0.36875965698467184, 0.613973055527154, 0.6401236892253853, 0.9067782618348845, 0.9042312730166011, 0.4054378656463561, 0.9348954808234757, 0.15703209650146976, 0.8274520485589324, 0.4630081034298892, 0.6051761601686584, 0.675143145406453, 0.5432033217950203, 0.07759501236995281, 0.4545281953534951, 0.42250138835846196, 0.2404694986946061, 0.9813646624329367, 0.4420892001180845, 0.979791855987413, 0.11178508206221016, 0.39600825589537647, 0.2674447525435819, 0.39929395532009837, 0.705079356167906, 0.563571715675159, 0.9246523874543527, 0.40270775441526596, 0.9612385761497654, 0.03861956942778211, 0.7649408804544527, 0.0009112917785214503, 0.5866826889586855, 0.07757007605743571, 0.9301951296192283, 0.21164442959290208, 0.47970351908361997, 0.7119272603228416, 0.9266989777449601, 0.9034093659083833, 0.7785917425090378, 0.1596753105482851, 0.6971372712335349, 0.3046464740534499, 0.2830610550120356, 0.9484249743888583, 0.5103880680918528, 0.4395326178884935, 0.15693347294896498, 0.021385115217325112, 0.8042021742074503, 0.6087768199881748, 0.07344735323400775, 0.029573608477309277, 0.707386324010426, 0.5996787151935905, 0.6340122857833199, 0.09453489291736605, 0.3253275246403079, 0.996121547649311, 0.8920880704608375, 0.40679754325489803, 0.39917499723323246, 0.23691446278177974, 0.40184901437516507, 0.023985084990304717, 0.3115286778658245, 0.12588817839783228, 0.7407922469808201, 0.8700941423430406, 0.12677256968146156, 0.5504983067002645, 0.4333558412523918, 0.5685815959010394, 0.3845106655951982, 0.08746094583410036, 0.6044035074696816, 0.17588460702810715, 0.22116975135272454, 0.2522762178536675, 0.36427105207059873, 0.5541019464804287, 0.9386361028199819, 0.7271824049780191, 0.15596626736519192, 0.337985318563768, 0.8178645690200923, 0.15841924781047811, 0.5767644202683414, 0.27840550076481196, 0.6973386672910952, 0.23125107241439324, 0.47041381455201314, 0.28893306525388573, 0.2356870017235626, 0.7671893573313939, 0.7825419237744408, 0.010457869580621781, 0.014397407991199263, 0.36171968077387007, 0.5181027809227087, 0.9259770626164268, 0.16986761993276933, 0.8508317268907981, 0.8198042603652381, 0.4536239340573166, 0.6372910727497708, 0.7802101424924835, 0.9057469807283802, 0.8996715694261923, 0.3412863400184303, 0.2069815406058665]

Erro da solução (|Ax - b|): 5.168842873110121e-09
Erro (|Ax - b|)/|b| 1.7594822179360603e-16
Erro no vetor x: 8.255363026300929e-13

Tempo de execução: 0.06319689750671387
