Solução x:
[0.7023709742698147, 0.2928655235403714, 0.3825076232601491, 0.31396973947810397, 0.5884489042206863, 0.7935299320124679, 0.3955830478144977, 0.13232115242204534, 0.25768793785304034, 0.19198598760934632, 0.23739974776645953, 0.4694137279825851, 0.7293046053487139, 0.5172478519991006, 0.8205511650348526, 0.626852993403504, 0.19488187496217657, 0.4041123107188154, 0.5378346301994519, 0.9149209413260941, 0.3687596569846491, 0.6139730555271539, 0.6401236892253847, 0.9067782618348843, 0.9042312730164813, 0.40543786564625467, 0.9348954808234964, 0.1570320965014697, 0.8274520485589327, 0.4630081034298897, 0.6051761601685368, 0.6751431454067505, 0.5432033217949894, 0.07759501236995302, 0.4545281953534949, 0.4225013883584626, 0.2404694986940852, 0.9813646624328348, 0.442089200118116, 0.9797918559874128, 0.11178508206221034, 0.3960082558953771, 0.2674447525430638, 0.3992939553203945, 0.7050793561678868, 0.563571715675159, 0.9246523874543533, 0.40270775441526613, 0.9612385761496499, 0.03861956942770774, 0.7649408804544698, 0.0009112917785215258, 0.5866826889586849, 0.07757007605743625, 0.9301951296191131, 0.2116444295931754, 0.479703519083598, 0.7119272603228416, 0.9266989777449607, 0.9034093659083838, 0.7785917425085727, 0.15967531054820797, 0.6971372712335602, 0.3046464740534497, 0.28306105501203566, 0.9484249743888589, 0.5103880680913895, 0.4395326178887693, 0.1569334729489506, 0.021385115217325005, 0.8042021742074501, 0.6087768199881751, 0.07344735323389599, 0.029573608477248697, 0.70738632401044, 0.5996787151935905, 0.6340122857833207, 0.09453489291736668, 0.32532752464020104, 0.9961215476495566, 0.8920880704608206, 0.4067975432548978, 0.3991749972332324, 0.23691446278178033, 0.40184901437475185, 0.023985084990244723, 0.3115286778658458, 0.1258881783978324, 0.7407922469808199, 0.8700941423430407, 0.1267725696810489, 0.5504983067005086, 0.4333558412523812, 0.5685815959010398, 0.38451066559519825, 0.08746094583410091, 0.60440350746942, 0.17588460702819853, 0.22116975135271905, 0.25227621785366755, 0.36427105207059907, 0.5541019464804294, 0.938636102819877, 0.7271824049779785, 0.1559662673652029, 0.3379853185637683, 0.8178645690200926, 0.15841924781047892, 0.5767644202682328, 0.27840550076501824, 0.6973386672910821, 0.2312510724143934, 0.47041381455201275, 0.2889330652538862, 0.23568700172320967, 0.767189357331355, 0.7825419237744577, 0.010457869580621788, 0.014397407991199282, 0.36171968077387073, 0.5181027809223573, 0.9259770626166317, 0.16986761993276137, 0.8508317268907979, 0.8198042603652381, 0.4536239340573175, 0.6372910727495402, 0.780210142492568, 0.905746980728375, 0.8996715694261926, 0.3412863400184304, 0.20698154060586704]

X_aleatório_inicial:
[0.7023709742699409, 0.2928655235404848, 0.382507623260126, 0.3139697394781039, 0.5884489042206865, 0.7935299320124675, 0.39558304781462417, 0.13232115242172293, 0.2576879378530781, 0.1919859876093467, 0.23739974776645956, 0.4694137279825843, 0.7293046053492779, 0.517247851999215, 0.8205511650348142, 0.6268529934035036, 0.19488187496217735, 0.4041123107188147, 0.5378346302000085, 0.9149209413257775, 0.36875965698467184, 0.613973055527154, 0.6401236892253853, 0.9067782618348845, 0.9042312730166011, 0.4054378656463561, 0.9348954808234757, 0.15703209650146976, 0.8274520485589324, 0.4630081034298892, 0.6051761601686584, 0.675143145406453, 0.5432033217950203, 0.07759501236995281, 0.4545281953534951, 0.42250138835846196, 0.2404694986946061, 0.9813646624329367, 0.4420892001180845, 0.979791855987413, 0.11178508206221016, 0.39600825589537647, 0.2674447525435819, 0.39929395532009837, 0.705079356167906, 0.563571715675159, 0.9246523874543527, 0.40270775441526596, 0.9612385761497654, 0.03861956942778211, 0.7649408804544527, 0.0009112917785214503, 0.5866826889586855, 0.07757007605743571, 0.9301951296192283, 0.21164442959290208, 0.47970351908361997, 0.7119272603228416, 0.9266989777449601, 0.9034093659083833, 0.7785917425090378, 0.1596753105482851, 0.6971372712335349, 0.3046464740534499, 0.2830610550120356, 0.9484249743888583, 0.5103880680918528, 0.4395326178884935, 0.15693347294896498, 0.021385115217325112, 0.8042021742074503, 0.6087768199881748, 0.07344735323400775, 0.029573608477309277, 0.707386324010426, 0.5996787151935905, 0.6340122857833199, 0.09453489291736605, 0.3253275246403079, 0.996121547649311, 0.8920880704608375, 0.40679754325489803, 0.39917499723323246, 0.23691446278177974, 0.40184901437516507, 0.023985084990304717, 0.3115286778658245, 0.12588817839783228, 0.7407922469808201, 0.8700941423430406, 0.12677256968146156, 0.5504983067002645, 0.4333558412523918, 0.5685815959010394, 0.3845106655951982, 0.08746094583410036, 0.6044035074696816, 0.17588460702810715, 0.22116975135272454, 0.2522762178536675, 0.36427105207059873, 0.5541019464804287, 0.9386361028199819, 0.7271824049780191, 0.15596626736519192, 0.337985318563768, 0.8178645690200923, 0.15841924781047811, 0.5767644202683414, 0.27840550076481196, 0.6973386672910952, 0.23125107241439324, 0.47041381455201314, 0.28893306525388573, 0.2356870017235626, 0.7671893573313939, 0.7825419237744408, 0.010457869580621781, 0.014397407991199263, 0.36171968077387007, 0.5181027809227087, 0.9259770626164268, 0.16986761993276933, 0.8508317268907981, 0.8198042603652381, 0.4536239340573166, 0.6372910727497708, 0.7802101424924835, 0.9057469807283802, 0.8996715694261923, 0.3412863400184303, 0.2069815406058665]

Erro da solução (|Ax - b|): 9.953893724618253e-09
Erro (|Ax - b|)/|b| 3.388321029993521e-16
Erro no vetor x: 1.8092866812073652e-12

Tempo de execução: 0.09168696403503418
