Solução x:
[0.7023709742698445, 0.2928655235404156, 0.38250762326014276, 0.3139697394781039, 0.5884489042206863, 0.7935299320124677, 0.3955830478145264, 0.13232115242179604, 0.25768793785306227, 0.19198598760934651, 0.2373997477664595, 0.4694137279825848, 0.7293046053490376, 0.517247851999145, 0.8205511650348306, 0.6268529934035038, 0.194881874962177, 0.40411231071881515, 0.537834630199772, 0.9149209413258481, 0.3687596569846553, 0.6139730555271542, 0.6401236892253851, 0.906778261834884, 0.9042312730165125, 0.4054378656462951, 0.9348954808234912, 0.1570320965014697, 0.8274520485589325, 0.46300810342988946, 0.6051761601685678, 0.6751431454065218, 0.543203321795005, 0.07759501236995293, 0.4545281953534949, 0.4225013883584622, 0.24046949869438555, 0.9813646624328747, 0.44208920011810005, 0.9797918559874129, 0.11178508206221024, 0.39600825589537675, 0.2674447525433641, 0.39929395532016604, 0.7050793561678914, 0.5635717156751587, 0.9246523874543529, 0.4027077544152661, 0.9612385761496886, 0.03861956942773381, 0.7649408804544655, 0.0009112917785214554, 0.5866826889586854, 0.07757007605743578, 0.9301951296191528, 0.21164442959296065, 0.4797035190836069, 0.7119272603228416, 0.9266989777449606, 0.9034093659083836, 0.7785917425088519, 0.15967531054823547, 0.6971372712335488, 0.30464647405344975, 0.2830610550120359, 0.9484249743888586, 0.5103880680916697, 0.4395326178885528, 0.15693347294895318, 0.021385115217325196, 0.8042021742074505, 0.6087768199881748, 0.07344735323394799, 0.02957360847726576, 0.7073863240104357, 0.5996787151935906, 0.6340122857833205, 0.09453489291736632, 0.3253275246402513, 0.9961215476493628, 0.8920880704608279, 0.4067975432548978, 0.3991749972332323, 0.23691446278177997, 0.40184901437501014, 0.023985084990261186, 0.31152867786583494, 0.12588817839783237, 0.7407922469808204, 0.8700941423430405, 0.12677256968130599, 0.5504983067003141, 0.43335584125238147, 0.5685815959010394, 0.3845106655951981, 0.08746094583410051, 0.6044035074695744, 0.1758846070281105, 0.22116975135272157, 0.25227621785366744, 0.3642710520705989, 0.554101946480429, 0.9386361028199339, 0.7271824049779818, 0.1559662673651993, 0.3379853185637682, 0.8178645690200927, 0.1584192478104786, 0.5767644202682906, 0.27840550076485265, 0.6973386672910867, 0.23125107241439338, 0.4704138145520128, 0.28893306525388585, 0.23568700172343765, 0.7671893573313575, 0.7825419237744484, 0.01045786958062174, 0.014397407991199275, 0.3617196807738704, 0.5181027809225847, 0.9259770626164664, 0.16986761993276092, 0.8508317268907979, 0.8198042603652383, 0.4536239340573169, 0.6372910727496832, 0.7802101424924861, 0.9057469807283772, 0.8996715694261926, 0.34128634001843033, 0.20698154060586663]

X_aleatório_inicial:
[0.7023709742699409, 0.2928655235404848, 0.382507623260126, 0.3139697394781039, 0.5884489042206865, 0.7935299320124675, 0.39558304781462417, 0.13232115242172293, 0.2576879378530781, 0.1919859876093467, 0.23739974776645956, 0.4694137279825843, 0.7293046053492779, 0.517247851999215, 0.8205511650348142, 0.6268529934035036, 0.19488187496217735, 0.4041123107188147, 0.5378346302000085, 0.9149209413257775, 0.36875965698467184, 0.613973055527154, 0.6401236892253853, 0.9067782618348845, 0.9042312730166011, 0.4054378656463561, 0.9348954808234757, 0.15703209650146976, 0.8274520485589324, 0.4630081034298892, 0.6051761601686584, 0.675143145406453, 0.5432033217950203, 0.07759501236995281, 0.4545281953534951, 0.42250138835846196, 0.2404694986946061, 0.9813646624329367, 0.4420892001180845, 0.979791855987413, 0.11178508206221016, 0.39600825589537647, 0.2674447525435819, 0.39929395532009837, 0.705079356167906, 0.563571715675159, 0.9246523874543527, 0.40270775441526596, 0.9612385761497654, 0.03861956942778211, 0.7649408804544527, 0.0009112917785214503, 0.5866826889586855, 0.07757007605743571, 0.9301951296192283, 0.21164442959290208, 0.47970351908361997, 0.7119272603228416, 0.9266989777449601, 0.9034093659083833, 0.7785917425090378, 0.1596753105482851, 0.6971372712335349, 0.3046464740534499, 0.2830610550120356, 0.9484249743888583, 0.5103880680918528, 0.4395326178884935, 0.15693347294896498, 0.021385115217325112, 0.8042021742074503, 0.6087768199881748, 0.07344735323400775, 0.029573608477309277, 0.707386324010426, 0.5996787151935905, 0.6340122857833199, 0.09453489291736605, 0.3253275246403079, 0.996121547649311, 0.8920880704608375, 0.40679754325489803, 0.39917499723323246, 0.23691446278177974, 0.40184901437516507, 0.023985084990304717, 0.3115286778658245, 0.12588817839783228, 0.7407922469808201, 0.8700941423430406, 0.12677256968146156, 0.5504983067002645, 0.4333558412523918, 0.5685815959010394, 0.3845106655951982, 0.08746094583410036, 0.6044035074696816, 0.17588460702810715, 0.22116975135272454, 0.2522762178536675, 0.36427105207059873, 0.5541019464804287, 0.9386361028199819, 0.7271824049780191, 0.15596626736519192, 0.337985318563768, 0.8178645690200923, 0.15841924781047811, 0.5767644202683414, 0.27840550076481196, 0.6973386672910952, 0.23125107241439324, 0.47041381455201314, 0.28893306525388573, 0.2356870017235626, 0.7671893573313939, 0.7825419237744408, 0.010457869580621781, 0.014397407991199263, 0.36171968077387007, 0.5181027809227087, 0.9259770626164268, 0.16986761993276933, 0.8508317268907981, 0.8198042603652381, 0.4536239340573166, 0.6372910727497708, 0.7802101424924835, 0.9057469807283802, 0.8996715694261923, 0.3412863400184303, 0.2069815406058665]

Erro da solução (|Ax - b|): 7.550461851147848e-09
Erro (|Ax - b|)/|b| 2.570189052062561e-16
Erro no vetor x: 7.080101205846371e-13

Tempo de execução: 0.07509279251098633
