Solução x:
[7.02370974e-01 2.92865523e-01 3.82507623e-01 3.13969739e-01
 5.88448904e-01 7.93529932e-01 3.95583048e-01 1.32321152e-01
 2.57687938e-01 1.91985988e-01 2.37399748e-01 4.69413728e-01
 7.29304605e-01 5.17247852e-01 8.20551165e-01 6.26852993e-01
 1.94881875e-01 4.04112311e-01 5.37834630e-01 9.14920941e-01
 3.68759657e-01 6.13973056e-01 6.40123689e-01 9.06778262e-01
 9.04231273e-01 4.05437866e-01 9.34895481e-01 1.57032097e-01
 8.27452049e-01 4.63008103e-01 6.05176160e-01 6.75143145e-01
 5.43203322e-01 7.75950124e-02 4.54528195e-01 4.22501388e-01
 2.40469499e-01 9.81364662e-01 4.42089200e-01 9.79791856e-01
 1.11785082e-01 3.96008256e-01 2.67444753e-01 3.99293955e-01
 7.05079356e-01 5.63571716e-01 9.24652387e-01 4.02707754e-01
 9.61238576e-01 3.86195694e-02 7.64940880e-01 9.11291779e-04
 5.86682689e-01 7.75700761e-02 9.30195130e-01 2.11644430e-01
 4.79703519e-01 7.11927260e-01 9.26698978e-01 9.03409366e-01
 7.78591742e-01 1.59675311e-01 6.97137271e-01 3.04646474e-01
 2.83061055e-01 9.48424974e-01 5.10388068e-01 4.39532618e-01
 1.56933473e-01 2.13851152e-02 8.04202174e-01 6.08776820e-01
 7.34473532e-02 2.95736084e-02 7.07386324e-01 5.99678715e-01
 6.34012286e-01 9.45348929e-02 3.25327525e-01 9.96121548e-01
 8.92088070e-01 4.06797543e-01 3.99174997e-01 2.36914463e-01
 4.01849014e-01 2.39850850e-02 3.11528678e-01 1.25888178e-01
 7.40792247e-01 8.70094142e-01 1.26772570e-01 5.50498307e-01
 4.33355841e-01 5.68581596e-01 3.84510666e-01 8.74609458e-02
 6.04403507e-01 1.75884607e-01 2.21169751e-01 2.52276218e-01
 3.64271052e-01 5.54101946e-01 9.38636103e-01 7.27182405e-01
 1.55966267e-01 3.37985319e-01 8.17864569e-01 1.58419248e-01
 5.76764420e-01 2.78405501e-01 6.97338667e-01 2.31251072e-01
 4.70413815e-01 2.88933065e-01 2.35687002e-01 7.67189357e-01
 7.82541924e-01 1.04578696e-02 1.43974080e-02 3.61719681e-01
 5.18102781e-01 9.25977063e-01 1.69867620e-01 8.50831727e-01
 8.19804260e-01 4.53623934e-01 6.37291073e-01 7.80210142e-01
 9.05746981e-01 8.99671569e-01 3.41286340e-01 2.06981541e-01]

X_aleatório_inicial:
[0.7023709742699409, 0.2928655235404848, 0.382507623260126, 0.3139697394781039, 0.5884489042206865, 0.7935299320124675, 0.39558304781462417, 0.13232115242172293, 0.2576879378530781, 0.1919859876093467, 0.23739974776645956, 0.4694137279825843, 0.7293046053492779, 0.517247851999215, 0.8205511650348142, 0.6268529934035036, 0.19488187496217735, 0.4041123107188147, 0.5378346302000085, 0.9149209413257775, 0.36875965698467184, 0.613973055527154, 0.6401236892253853, 0.9067782618348845, 0.9042312730166011, 0.4054378656463561, 0.9348954808234757, 0.15703209650146976, 0.8274520485589324, 0.4630081034298892, 0.6051761601686584, 0.675143145406453, 0.5432033217950203, 0.07759501236995281, 0.4545281953534951, 0.42250138835846196, 0.2404694986946061, 0.9813646624329367, 0.4420892001180845, 0.979791855987413, 0.11178508206221016, 0.39600825589537647, 0.2674447525435819, 0.39929395532009837, 0.705079356167906, 0.563571715675159, 0.9246523874543527, 0.40270775441526596, 0.9612385761497654, 0.03861956942778211, 0.7649408804544527, 0.0009112917785214503, 0.5866826889586855, 0.07757007605743571, 0.9301951296192283, 0.21164442959290208, 0.47970351908361997, 0.7119272603228416, 0.9266989777449601, 0.9034093659083833, 0.7785917425090378, 0.1596753105482851, 0.6971372712335349, 0.3046464740534499, 0.2830610550120356, 0.9484249743888583, 0.5103880680918528, 0.4395326178884935, 0.15693347294896498, 0.021385115217325112, 0.8042021742074503, 0.6087768199881748, 0.07344735323400775, 0.029573608477309277, 0.707386324010426, 0.5996787151935905, 0.6340122857833199, 0.09453489291736605, 0.3253275246403079, 0.996121547649311, 0.8920880704608375, 0.40679754325489803, 0.39917499723323246, 0.23691446278177974, 0.40184901437516507, 0.023985084990304717, 0.3115286778658245, 0.12588817839783228, 0.7407922469808201, 0.8700941423430406, 0.12677256968146156, 0.5504983067002645, 0.4333558412523918, 0.5685815959010394, 0.3845106655951982, 0.08746094583410036, 0.6044035074696816, 0.17588460702810715, 0.22116975135272454, 0.2522762178536675, 0.36427105207059873, 0.5541019464804287, 0.9386361028199819, 0.7271824049780191, 0.15596626736519192, 0.337985318563768, 0.8178645690200923, 0.15841924781047811, 0.5767644202683414, 0.27840550076481196, 0.6973386672910952, 0.23125107241439324, 0.47041381455201314, 0.28893306525388573, 0.2356870017235626, 0.7671893573313939, 0.7825419237744408, 0.010457869580621781, 0.014397407991199263, 0.36171968077387007, 0.5181027809227087, 0.9259770626164268, 0.16986761993276933, 0.8508317268907981, 0.8198042603652381, 0.4536239340573166, 0.6372910727497708, 0.7802101424924835, 0.9057469807283802, 0.8996715694261923, 0.3412863400184303, 0.2069815406058665]

Erro da solução (|Ax - b|): 8.3369216347337e-09
Erro (|Ax - b|)/|b| 2.83790119543993e-16
Erro no vetor x: 1.7943246203301821e-10

Tempo de execução: 0.001043081283569336
