Solução x:
[0.29073102 0.52974687 0.33472429 0.76917642 0.64308996 0.85162999
 0.00635898 0.02584202 0.88431875 0.93974032 0.16006905 0.17837566
 0.52832893 0.1997293  0.5274677  0.9770004  0.4283242  0.18149365
 0.85223125 0.34553933 0.95843571 0.5736687  0.44337503 0.75029961
 0.06151954 0.17427901 0.16439206 0.49213165 0.70535684 0.75617788
 0.6584033  0.77758888 0.01746622 0.07221319 0.57775673 0.39892961
 0.46177672 0.13895705 0.01226024 0.67169609 0.38219907 0.81796404
 0.02357917 0.23904298 0.85479362 0.36628691 0.54056674 0.31671469
 0.67980099 0.78104786 0.10011843 0.91805922 0.79488769 0.12208094
 0.97466272 0.42701255 0.14783464 0.19411216 0.19368176 0.60773404
 0.30968547 0.66700544 0.42994325 0.22953446 0.41662782 0.01999839
 0.41338191 0.35582474 0.47151636 0.12566053 0.23829837 0.499647
 0.0916208  0.36837437 0.33351109 0.1103457  0.30257776 0.23252616
 0.2055181  0.2169532  0.6523206  0.23939596 0.54004741 0.40292889
 0.56702954 0.97122553 0.92427821 0.23084909 0.05216514 0.01266841
 0.96750289 0.77380885 0.70420473 0.98850948 0.99129207 0.476941
 0.67153185 0.24290288 0.07822125 0.75739822 0.96131537 0.31252763
 0.22497433 0.71611871 0.37916269 0.14265302 0.22993766 0.32817076
 0.19121441 0.46497469 0.38606151 0.46390912 0.53612297 0.84854665
 0.80524804 0.15227355 0.96778    0.20722322 0.1877097  0.6138914
 0.3428936  0.61304275 0.33564092 0.41227831 0.04755017 0.03145859
 0.90395977 0.6746234  0.34670299 0.63931481 0.52593019 0.54525917
 0.31173829 0.64282026 0.29783467 0.83687916 0.14570232 0.74987772
 0.97405913 0.99651763 0.45362784 0.30878401 0.68415627 0.54698463
 0.68048285 0.0658148  0.93814795 0.25547603 0.98496398 0.78675127
 0.42158202 0.53136068 0.6173791  0.56634252 0.97441385 0.34770967
 0.70583408 0.13244718 0.05781866 0.26460369 0.0057713  0.42806496
 0.6484017  0.81978821 0.67266958 0.0273926  0.11744671 0.35608689
 0.91514623 0.49037584 0.21674599 0.77856573 0.15134778 0.99437469
 0.05190274 0.47811391 0.35641054 0.29754234 0.97801082 0.87147841
 0.58639119 0.40666043 0.18543901 0.17501017 0.97291913 0.69321645
 0.77627615 0.0886357  0.9592823  0.87603738 0.51422858 0.56251786
 0.65334149 0.74196336 0.90289764 0.95291529 0.85347147 0.0308206
 0.15170507 0.52954289 0.5044701  0.35156388 0.50460204 0.03373601
 0.76677169 0.58152716 0.89485887 0.075289   0.04412696 0.63624388
 0.98089566 0.69146869 0.44791831 0.82119069 0.40073162 0.53016466
 0.2128499  0.52444045 0.59651952 0.579772   0.07426432 0.86203868
 0.86049954 0.08240493 0.0963164  0.97817766 0.15810325 0.51297315
 0.82445201 0.89339418 0.66980735 0.15183548 0.66707287 0.84050325
 0.06794295 0.70433149 0.23619248 0.32036215 0.37465792 0.85210691
 0.85766788 0.41595911 0.85009929 0.95685573 0.88916201 0.48068313
 0.21548985 0.14148269 0.42200226 0.90256798 0.74119345 0.03516866
 0.92879848 0.15924436 0.71596223 0.06433212 0.23775923 0.13512482
 0.50525931 0.577646   0.62501711 0.90342361 0.85063811 0.46207456
 0.35613962 0.87538951 0.92387047 0.0596211  0.17231553 0.75388086
 0.89968953 0.46844148 0.19906713 0.39467106 0.17793905 0.16281237
 0.48278079 0.17118806 0.77441576 0.69143327 0.06922304 0.00310696
 0.85921449 0.61314299 0.89701931 0.10881754 0.65164417 0.88978515
 0.70024133 0.57024226 0.42143392 0.89400596 0.5689261  0.51298884
 0.31015918 0.79084705 0.07789699 0.49531814 0.29386833 0.84965961
 0.88199922 0.95376169 0.17671609 0.24722631 0.59052745 0.0545971
 0.60749533 0.127836   0.56584884 0.09254215 0.2986147  0.84256172
 0.37179715 0.74830643 0.27864847 0.36541122 0.01613725 0.09188488
 0.18273195 0.35432856 0.04659849 0.34937753 0.79335109 0.28877447
 0.24192931 0.76446462 0.95749271 0.50097458 0.57952155 0.09357663
 0.40782146 0.84518859 0.29554723 0.73262616 0.71072724 0.21071942
 0.62130538 0.7338467  0.99137663 0.3014153  0.98847043 0.36668502
 0.00312673 0.07881203 0.30509577 0.65665861 0.94786969 0.50222574
 0.15102738 0.76140036 0.70003353 0.8811342  0.70770049 0.88375595
 0.37206508 0.05397908 0.00781633 0.56536601 0.2116857  0.61181914
 0.7158711  0.48823494 0.09072435 0.6794579  0.02760293 0.68115854
 0.74468048 0.92905807 0.6623868  0.48516075 0.92701098 0.71480057
 0.6921885  0.80430629 0.34564333 0.49393294 0.58409225 0.35301375
 0.27382049 0.59704502 0.60326072 0.66336487 0.55255627 0.41083749
 0.97616735 0.64520137 0.44166222 0.31774569 0.93940469 0.17275417
 0.62975803 0.32926658 0.84959238 0.36823246 0.2201102  0.17615453
 0.40472873 0.60267384 0.92481678 0.70322637 0.68353061 0.1741777
 0.51779186 0.90675449 0.14037415 0.66261274 0.07691306 0.45844095
 0.01859434 0.66043014 0.46986029 0.00751942 0.85171297 0.2513163
 0.56476049 0.61699698 0.37469504 0.35661892 0.74583427 0.80040754
 0.67039698 0.1879745  0.2597196  0.83749657 0.94580596 0.03045582
 0.93870628 0.12195149 0.27159723 0.27174306 0.53303829 0.58223502
 0.16103199 0.88751601 0.97235485 0.11794064 0.10629645 0.67161265
 0.6364424  0.77974497 0.6799573  0.29926585 0.1186316  0.7732966
 0.59664855 0.14388878 0.38383772 0.9562879  0.96478743 0.85322555
 0.56033737 0.8468525  0.65540596 0.73769433 0.43878083 0.10153069
 0.00432967 0.4696455  0.92191431 0.00978965 0.00104656 0.07838261
 0.86230456 0.17294827 0.41950574 0.73912422 0.83404807 0.71942543
 0.94484031 0.36406772 0.97030749 0.35703729 0.47974942 0.83110944
 0.47052219 0.56953147 0.28604575 0.37744283 0.22704719 0.6874525
 0.5181706  0.2473138  0.28804887 0.93008375 0.7873136  0.39954154
 0.61854745 0.57070006 0.21174248 0.40859126 0.45036678 0.31136109
 0.35899235 0.13395928]

X_aleatório_inicial:
[0.2907310204020681, 0.5297468731518197, 0.3347242854589726, 0.7691764159816106, 0.6430899644215915, 0.8516299946756325, 0.0063589839198365805, 0.025842024152609944, 0.8843187469156717, 0.9397403161798243, 0.1600690501372002, 0.17837566305018038, 0.5283289277147175, 0.19972929675563977, 0.52746770313684, 0.977000404793314, 0.4283242009996828, 0.18149364767615694, 0.852231245570797, 0.34553933275374304, 0.9584357125581052, 0.573668699863483, 0.44337503100570685, 0.7502996125297821, 0.06151954025133688, 0.17427901442554838, 0.16439205632196008, 0.49213165161734573, 0.7053568377492464, 0.756177876136296, 0.658403302793188, 0.7775888774587079, 0.01746622467683545, 0.07221319026393425, 0.5777567326575835, 0.39892961088839307, 0.4617767188674462, 0.13895705161639516, 0.012260237864186951, 0.671696090639805, 0.3821990715240855, 0.8179640357283859, 0.02357917405308818, 0.23904297837784194, 0.8547936159074894, 0.3662869086090358, 0.5405667404338427, 0.316714688336448, 0.6798009850984649, 0.7810478617519309, 0.10011843086668448, 0.9180592232347033, 0.7948876852572438, 0.12208093582375645, 0.9746627173312744, 0.4270125482946674, 0.1478346434089507, 0.19411216351676752, 0.19368176138498683, 0.607734040227725, 0.30968546703888367, 0.6670054404439631, 0.4299432496457657, 0.22953445797599026, 0.4166278244425853, 0.019998386381972044, 0.4133819126157334, 0.3558247396154376, 0.4715163619026558, 0.12566052503700653, 0.23829837190434988, 0.4996470038739894, 0.09162080080901336, 0.36837436736958296, 0.33351108631678006, 0.11034570400219057, 0.30257776082442456, 0.2325261641242371, 0.20551810320945263, 0.2169532017536604, 0.6523205981164035, 0.23939596058125434, 0.5400474087146461, 0.402928886791312, 0.5670295443598655, 0.9712255301509954, 0.9242782076673621, 0.23084909309745172, 0.05216513746635443, 0.012668405028658403, 0.9675028922619916, 0.773808852971507, 0.7042047255638771, 0.9885094841976885, 0.9912920715443285, 0.47694099673610124, 0.6715318548678962, 0.24290288312766084, 0.07822125140324054, 0.7573982214251153, 0.9613153713185574, 0.31252763052153865, 0.2249743342085938, 0.7161187074924981, 0.3791626894732084, 0.14265301661800556, 0.22993765658962917, 0.328170763722766, 0.19121440532851264, 0.4649746922042344, 0.3860615080583829, 0.46390912117128047, 0.5361229716056999, 0.8485466452405394, 0.8052480437881393, 0.15227355194815795, 0.967780001873232, 0.20722321954293355, 0.18770970313615976, 0.6138913957979375, 0.34289360184667095, 0.6130427506060142, 0.33564091509783023, 0.4122783072886441, 0.04755016636074272, 0.03145858767254395, 0.9039597682689484, 0.6746234044226995, 0.3467029861294233, 0.6393148130137186, 0.5259301897231804, 0.5452591726608497, 0.31173829303814116, 0.6428202558759549, 0.2978346711168194, 0.8368791608591404, 0.14570231957690327, 0.7498777230458245, 0.9740591311195429, 0.9965176328974019, 0.45362784083754926, 0.30878401298547076, 0.6841562665275736, 0.5469846308646944, 0.6804828547570557, 0.06581479880286278, 0.9381479495289652, 0.25547603113127293, 0.9849639791093674, 0.7867512715097926, 0.4215820199372463, 0.5313606804149167, 0.6173790976715547, 0.5663425230993214, 0.9744138543385205, 0.34770966529206504, 0.7058340790423451, 0.13244718161668878, 0.05781865782845386, 0.2646036856809425, 0.005771299091776205, 0.42806496373584635, 0.6484016985736966, 0.8197882117874279, 0.6726695795148873, 0.027392596115141, 0.11744670603823437, 0.3560868925475389, 0.9151462304215279, 0.49037583771707505, 0.2167459921414715, 0.7785657317382646, 0.1513477812578523, 0.9943746926159271, 0.05190274061581457, 0.4781139088846972, 0.3564105362679738, 0.29754234144200675, 0.9780108207684584, 0.8714784105130117, 0.5863911941276081, 0.4066604279797935, 0.18543901080756653, 0.1750101689283401, 0.9729191342530344, 0.6932164506569566, 0.776276145687362, 0.08863569999651422, 0.9592823041929835, 0.8760373818340931, 0.5142285818122972, 0.5625178618053904, 0.653341488818418, 0.7419633577435927, 0.9028976434098342, 0.9529152863253995, 0.853471467915907, 0.03082059942853832, 0.1517050672881497, 0.5295428925680493, 0.5044701018834721, 0.3515638819188118, 0.504602040081592, 0.033736012987525266, 0.766771689881281, 0.5815271593980329, 0.894858871887527, 0.07528899981274517, 0.0441269620836956, 0.6362438771276896, 0.9808956602453615, 0.6914686858412592, 0.44791830782642805, 0.8211906938279288, 0.40073161833637416, 0.5301646554336406, 0.21284989797119225, 0.5244404489613625, 0.5965195199332015, 0.5797719973530131, 0.07426432361839475, 0.8620386775301795, 0.8604995410643205, 0.08240493385315839, 0.09631639808142722, 0.9781776615371942, 0.1581032452601041, 0.5129731510581367, 0.8244520052849277, 0.8933941839432002, 0.6698073491067684, 0.15183547754051208, 0.6670728742530786, 0.8405032538741082, 0.0679429497048154, 0.7043314908847723, 0.23619247884738048, 0.3203621502623917, 0.3746579180792853, 0.852106909740288, 0.8576678770114495, 0.4159591056327725, 0.8500992924718472, 0.9568557259021616, 0.8891620129684227, 0.4806831266964421, 0.21548985204445803, 0.1414826935432928, 0.4220022551801733, 0.9025679755000682, 0.7411934481504424, 0.03516865638361211, 0.9287984841539229, 0.15924435864673858, 0.7159622268510807, 0.06433211732691735, 0.23775923134400867, 0.13512482113874458, 0.5052593146133119, 0.5776459954564754, 0.6250171075758099, 0.9034236132025174, 0.8506381098815645, 0.4620745558760363, 0.3561396150006384, 0.8753895071693496, 0.9238704692024148, 0.05962109526960602, 0.17231552666482486, 0.7538808611052874, 0.8996895300947495, 0.4684414831560002, 0.1990671322297084, 0.3946710606227676, 0.17793904962096552, 0.16281237249560054, 0.48278078636069444, 0.17118806474668857, 0.7744157572804651, 0.6914332684471977, 0.06922304142049063, 0.003106957384390596, 0.8592144921715144, 0.6131429938286357, 0.8970193063608339, 0.10881754349290285, 0.6516441728490745, 0.8897851451626605, 0.7002413340761143, 0.5702422550060299, 0.4214339221320682, 0.8940059623328639, 0.5689260973340314, 0.5129888362202227, 0.3101591841761453, 0.7908470482030577, 0.07789698557681812, 0.49531814321689316, 0.29386833442715166, 0.8496596122993669, 0.8819992185774012, 0.953761694624075, 0.17671608598929456, 0.24722631218829016, 0.5905274464682644, 0.05459710315825095, 0.6074953281971349, 0.12783599744927454, 0.5658488363706429, 0.09254215126522614, 0.2986147042149583, 0.842561718523038, 0.3717971491744818, 0.7483064321231564, 0.2786484739180084, 0.3654112249444684, 0.016137254796247058, 0.09188487763871478, 0.18273195442772905, 0.35432856137878055, 0.046598486396344785, 0.3493775298467522, 0.7933510857891372, 0.2887744720359037, 0.24192931236315973, 0.7644646208422197, 0.9574927120998882, 0.5009745844174679, 0.5795215487856277, 0.09357663140305328, 0.40782145646346246, 0.8451885911819343, 0.2955472336887298, 0.7326261645715311, 0.7107272414119391, 0.21071942172816738, 0.6213053777778382, 0.7338467015841299, 0.9913766269749205, 0.30141530155207585, 0.9884704276443942, 0.36668501778356366, 0.0031267339290886875, 0.07881203110565105, 0.3050957741795548, 0.6566586129390369, 0.9478696941533125, 0.5022257397880571, 0.15102738311058028, 0.761400359389818, 0.7000335334743726, 0.8811342013106708, 0.7077004905012404, 0.8837559531342518, 0.37206508372602254, 0.05397907987382644, 0.00781633016715777, 0.565366005959109, 0.2116857040494864, 0.6118191369818294, 0.7158710983330636, 0.4882349365420723, 0.09072434990865363, 0.6794578953354081, 0.02760293255298607, 0.6811585357263712, 0.744680483423426, 0.9290580709218217, 0.6623868020478645, 0.485160747918429, 0.9270109835612035, 0.7148005697845672, 0.692188498266303, 0.8043062905542322, 0.3456433289389672, 0.493932937336671, 0.5840922498958625, 0.3530137494075123, 0.27382048650203694, 0.5970450155486865, 0.6032607216306727, 0.6633648707456379, 0.5525562666711162, 0.4108374894108493, 0.9761673536074243, 0.6452013697079015, 0.44166221857608623, 0.31774569342338277, 0.9394046928730563, 0.17275417153311723, 0.6297580250720413, 0.32926657859049724, 0.8495923810222226, 0.36823245972741314, 0.22011020204241127, 0.17615453445743245, 0.4047287251831775, 0.6026738378131332, 0.9248167768466271, 0.703226372124196, 0.6835306126524899, 0.17417769917610337, 0.5177918649071659, 0.9067544898594807, 0.14037414824111139, 0.6626127424408883, 0.07691305870119891, 0.458440946646677, 0.018594337529173277, 0.6604301441499586, 0.4698602899119103, 0.007519418915573395, 0.8517129725529391, 0.251316296295341, 0.5647604928489991, 0.6169969834664025, 0.3746950413250165, 0.356618918909109, 0.7458342734736888, 0.8004075356143467, 0.6703969781447181, 0.18797450380832637, 0.2597196041949291, 0.837496574815807, 0.9458059586446577, 0.03045582194735974, 0.9387062795670716, 0.12195149239712455, 0.27159722706194545, 0.2717430559585414, 0.5330382899516409, 0.5822350236167035, 0.16103198509371597, 0.8875160115604822, 0.9723548524458018, 0.11794063848540659, 0.10629645200144444, 0.6716126481805668, 0.6364424017599045, 0.7797449739058261, 0.6799573034217175, 0.29926584820764146, 0.11863159866769124, 0.7732966016148638, 0.5966485513392766, 0.14388877544603962, 0.38383771913049725, 0.9562878963679036, 0.9647874312916154, 0.8532255542179361, 0.5603373727348666, 0.8468525040137905, 0.6554059612613908, 0.7376943275818347, 0.43878082803024654, 0.10153069481931543, 0.004329674973163389, 0.4696455000632782, 0.9219143065759553, 0.009789645222799681, 0.0010465591560049337, 0.0783826138785988, 0.8623045626102644, 0.17294827253949885, 0.4195057360313099, 0.7391242245623808, 0.8340480698265035, 0.7194254308972119, 0.9448403127931565, 0.36406771535591875, 0.9703074863647536, 0.35703728837804805, 0.4797494205342214, 0.8311094440611366, 0.47052219168888065, 0.5695314728322085, 0.28604574938702876, 0.37744282917842664, 0.22704719150623154, 0.6874524970708547, 0.5181706027671005, 0.24731379662932607, 0.2880488732743397, 0.9300837457126756, 0.7873136028318092, 0.39954153988366714, 0.6185474491875581, 0.5707000628198259, 0.2117424760748694, 0.4085912565142733, 0.45036678388956763, 0.31136109083116437, 0.35899235079910063, 0.13395927878725022]

Erro da solução (|Ax - b|): 5.803162762610686e-12
Erro (|Ax - b|)/|b| 4.349864165753617e-16
Erro no vetor x: 3.937669073182661e-12

Tempo de execução: 0.6549587249755859
