Matriz não é simétrica positiva definida

Solução x:
[1, 1, 1, 1, 1, 1, 1, 1, 1, 1, 1, 1, 1, 1, 1, 1, 1, 1, 1, 1, 1, 1, 1, 1, 1, 1, 1, 1, 1, 1, 1, 1, 1, 1, 1, 1, 1, 1, 1, 1, 1, 1, 1, 1, 1, 1, 1, 1, 1, 1, 1, 1, 1, 1, 1, 1, 1, 1, 1, 1, 1, 1, 1, 1, 1, 1, 1, 1, 1, 1, 1, 1, 1, 1, 1, 1, 1, 1, 1, 1, 1, 1, 1, 1, 1, 1, 1, 1, 1, 1, 1, 1, 1, 1, 1, 1, 1, 1, 1, 1, 1, 1, 1, 1, 1, 1, 1, 1, 1, 1, 1, 1, 1, 1, 1, 1, 1, 1, 1, 1, 1, 1, 1, 1, 1, 1, 1, 1, 1, 1, 1, 1, 1, 1, 1, 1, 1, 1, 1, 1, 1, 1, 1, 1, 1, 1, 1, 1, 1, 1, 1, 1, 1, 1, 1, 1, 1, 1, 1, 1, 1, 1, 1, 1, 1, 1, 1, 1, 1, 1, 1, 1, 1, 1, 1, 1, 1, 1, 1, 1, 1, 1, 1, 1, 1, 1, 1, 1, 1, 1, 1, 1, 1, 1, 1, 1, 1, 1, 1, 1, 1, 1, 1, 1, 1, 1, 1, 1, 1, 1, 1, 1, 1, 1, 1, 1, 1, 1, 1, 1, 1, 1, 1, 1, 1, 1, 1, 1, 1, 1, 1, 1, 1, 1, 1, 1, 1, 1, 1, 1, 1, 1, 1, 1, 1, 1, 1, 1, 1, 1, 1, 1, 1, 1, 1, 1, 1, 1, 1, 1, 1, 1, 1, 1, 1, 1, 1, 1, 1, 1, 1, 1, 1, 1, 1, 1, 1, 1, 1, 1, 1, 1, 1, 1, 1, 1, 1, 1, 1, 1, 1, 1, 1, 1, 1, 1, 1, 1, 1, 1, 1, 1, 1, 1, 1, 1, 1, 1, 1, 1, 1, 1, 1, 1, 1, 1, 1, 1, 1, 1, 1, 1, 1, 1, 1, 1, 1, 1, 1, 1, 1, 1, 1, 1, 1, 1, 1, 1, 1, 1, 1, 1, 1, 1, 1, 1, 1, 1, 1, 1, 1, 1, 1, 1, 1, 1, 1, 1, 1, 1, 1, 1, 1, 1, 1, 1, 1, 1, 1, 1, 1, 1, 1, 1, 1, 1, 1, 1, 1, 1, 1, 1, 1, 1, 1, 1, 1, 1, 1, 1, 1, 1, 1, 1, 1, 1, 1, 1]

X_aleatório_inicial:
[0.014377423143129064, 0.20475229701515596, 0.12885415317901827, 0.32778167833581506, 0.8815818324459681, 0.5543649254897397, 0.8380637757831064, 0.8830606713744874, 0.843006948935847, 0.35795436696925365, 0.18668800964321175, 0.6969852355892001, 0.7546112667303951, 0.6855325823881369, 0.29961475609299615, 0.24623859571707785, 0.35576758478252135, 0.16871584200468692, 0.03150763266755374, 0.9584541931299262, 0.454608151548362, 0.37783985533233655, 0.20834458197700056, 0.7764597432722634, 0.7085520468054699, 0.5570075263725667, 0.5523944168032676, 0.8578615176922851, 0.9379017248579613, 0.7869520383457906, 0.438788769291229, 0.6189606426583834, 0.020755020083482845, 0.35746693450438616, 0.946996495344135, 0.5123759484507802, 0.7987297620342985, 0.6379114688473205, 0.30598120652023664, 0.5647221692448877, 0.7554363818233676, 0.43267315728154354, 0.6513661760575625, 0.5122634523301819, 0.3324576272775579, 0.7557667633675561, 0.02618686643514656, 0.8950689793469984, 0.3832514497496834, 0.9139575670719855, 0.9066245450435092, 0.07825798973334908, 0.8401774525500472, 0.10485597465658114, 0.019464688395932517, 0.4772311007137402, 0.8164689745862903, 0.36930763261512844, 0.24181863305406925, 0.11955928626932011, 0.23461696934888987, 0.37422336090380837, 0.5034050993054846, 0.8640569783886761, 0.04736551966594538, 0.09215693263222191, 0.46005673819555637, 0.506692850395282, 0.47523955991872013, 0.17355556321415067, 0.9591134522975261, 0.7926041379621971, 0.6671584619500677, 0.43560784711617007, 0.5639490633530168, 0.7003778787323943, 0.32851273849016416, 0.4856996499548296, 0.8406190595956925, 0.406704658282076, 0.47797979782002975, 0.7700167216743378, 0.2347735209707883, 0.6396247414720081, 0.5331595921483624, 0.5795021140752848, 0.9392646144154913, 0.26118587778711655, 0.2905042060699998, 0.5306242732391151, 0.09642201745419643, 0.8359002683832651, 0.2805767143196277, 0.5705888115593359, 9.200351161919862e-05, 0.8473839682711541, 0.7451481192875672, 0.4667797581778752, 0.7254166365123639, 0.976975046791666, 0.8588194078018947, 0.4956662861491511, 0.015946105356789197, 0.9251230767012731, 0.008393794595507154, 0.06640617018778605, 0.18247191292709253, 0.6625568528391181, 0.5676668053160829, 0.8735994304809196, 0.6646595787098374, 0.2659674284416348, 0.942650919738282, 0.013558420584288355, 0.6402407995754886, 0.2016895243964295, 0.6128540413367745, 0.4551597501961, 0.37760052524564136, 0.10845391792395431, 0.9743822946763212, 0.7318978367661443, 0.8656273519657225, 0.7065211537412173, 0.48289878805550146, 0.3303394067999126, 0.015858385188909474, 0.6289318893536866, 0.8816511721696901, 0.890192758036051, 0.5080903051520997, 0.16252892159863552, 0.41085977030279885, 0.6749523573837518, 0.3196852430180034, 0.6832802590236965, 0.30936034678424773, 0.6747051217829756, 0.4282592300700556, 0.13088193912640422, 0.9140270360120354, 0.6722972895047883, 0.8995531784573254, 0.5221268134865413, 0.5695305279059821, 0.3986507990610638, 0.3376654139183327, 0.2792544408963771, 0.13211769148502428, 0.2743990310920692, 0.8555908282585573, 0.8667523127869116, 0.20871423077236695, 0.016446044466322918, 0.2360098908537871, 0.8095892952708795, 0.7706974268746376, 0.8874173610953674, 0.5143644959542278, 0.7319860824788097, 0.020472693322143076, 0.3533442675196157, 0.5506040429256802, 0.2241497178880898, 0.4272503650388365, 0.24088780429234402, 0.3980414877740738, 0.40418888955765897, 0.6544796095844511, 0.39697551171676326, 0.8980434965458484, 0.8989890192773785, 0.8490103499189379, 0.3765640368066857, 0.95019288989848, 0.7924440109059948, 0.37795229542825615, 0.832749670593722, 0.19744192806405358, 0.5940698855776814, 0.25216743749413084, 0.9045705725074318, 0.6558093843226354, 0.3845693678566672, 0.3712373357934847, 0.6761801638250822, 0.0752766765257803, 0.5594405877709508, 0.3348709099082162, 0.5249631237358875, 0.4981963791065752, 0.9449874282723114, 0.5897178634660174, 0.0892911551031148, 0.5525281473246426, 0.7022147380202537, 0.3709575599444416, 0.34147297102726104, 0.5764628591335721, 0.3165304967361875, 0.6902180708309161, 0.5589489584431795, 0.9806573063847959, 0.11965213314098866, 0.6707752892781326, 0.8277422611536253, 0.6652617689071955, 0.7418041754200797, 0.5948742672424517, 0.6297836964640698, 0.6646214945909261, 0.14431211506607833, 0.5102243818601769, 0.435787496564908, 0.7825737274281966, 0.6125503873683812, 0.9175804615061185, 0.0735887866099646, 0.9230508852437795, 0.4877334807956465, 0.8493660414658276, 0.5146727909296404, 0.6865530728569209, 0.9386127861923348, 0.2619413179446908, 0.29862480304577943, 0.8978792204250834, 0.39521485119995337, 0.2972608374212743, 0.23131406832826962, 0.8208409983509227, 0.8577834496194424, 0.6830678208763172, 0.00774898598808671, 0.8804346242318389, 0.014110645553777612, 0.5750782523774796, 0.7200951268068964, 0.633920483216261, 0.36493877730683133, 0.7744381370050751, 0.5977530785832008, 0.7039409742868292, 0.9274874423738889, 0.918592929880128, 0.6628119999355988, 0.722159325376351, 0.8967405315550522, 0.9629540234688805, 0.3904660269980177, 0.7053462575115522, 0.7010753723701633, 0.6376323972898637, 0.6622978198381932, 0.19347988472398392, 0.7017488960354782, 0.21299829878781318, 0.9209195402986363, 0.8687540067817202, 0.632754937519022, 0.6052208929474885, 0.9356042012162809, 0.7024720018234577, 0.7545393392852738, 0.36873003752928646, 0.44818542441655496, 0.10828403748712523, 0.905880366562948, 0.17910927873515325, 0.8536145200578716, 0.8657389956656941, 0.09536973778998625, 0.8315822213495543, 0.5423037716503675, 0.5364455473079527, 0.7325281368381521, 0.5623175136203368, 0.8589949168113178, 0.9303953032413065, 0.870658393590405, 0.5554519066658066, 0.774190474513451, 0.3232205190777122, 0.34285162093759725, 0.21861834064085262, 0.25846085199271984, 0.406159140313349, 0.034902662857308586, 0.3505202842518229, 0.9003098843141036, 0.9102165243967693, 0.45246320839756504, 0.0433542711610414, 0.5347667188980101, 0.2920261502048864, 0.7578028674865314, 0.766511984995071, 0.9091154727134286, 0.21120475538461236, 0.5458446611294776, 0.5882988735608139, 0.26347287048939694, 0.23119251852871092, 0.8282593758857354, 0.44770068383228523, 0.3296762263128248, 0.7819551010623612, 0.0486880075602536, 0.9728876134358265, 0.10711670003269769, 0.6052141026967217, 0.5235072180205721, 0.2511973960785461, 0.8194584068773122, 0.08878652329423542, 0.44465251837833764, 0.04980682764092603, 0.39125880195070906, 0.2336101616218097, 0.6914817969079385, 0.47667217166006737, 0.4439760526345061, 0.45398846499245915, 0.3742081223373771, 0.7301551934841182, 0.2894479197708243, 0.5643982416574893, 0.4479434531384927, 0.3767796025933374, 0.1142526342831528, 0.09858307681552148, 0.2953077241384693, 0.17430411589702388, 0.8694474399547498, 0.04009984381129039, 0.47964259893145444, 0.5287504456672364, 0.2995296322789257, 0.4036448438076339, 0.5491365639668584, 0.4204632074735005, 0.15706672884878858, 0.9165746670182736, 0.08144129284843193, 0.47780129155984286, 0.9652758116467016, 0.2871774905985245, 0.8357455466998753, 0.2306011080125675, 0.1798258487298744, 0.029460755746561595, 0.8683933033606622, 0.7960469194100025, 0.1170570937989277, 0.4167800663116752, 0.12135270815004151, 0.09076582645196818, 0.25942808193695766, 0.2545449436764453, 0.44197724593313614, 0.9066330619704347, 0.25901029420596366, 0.6956010265809885, 0.5078192719511213, 0.7991583680952771, 0.1625582876291477, 0.8931204119817497, 0.9400351227542615, 0.345719324034961, 0.5937486844649088, 0.6812192783268212, 0.07784799112307839, 0.9548005025860429, 0.4030262253739322, 0.5998575862040794, 0.9125487754113144, 0.532987340029555, 0.017665170886155046, 0.7691852235536076, 0.02991416001440461, 0.506242401384937, 0.7989823621883402, 0.9517447403324488, 0.022211880865372846, 0.7927714051074456, 0.8352213596198539, 0.6457047084415314, 0.2712126878274215, 0.6613435066431375, 0.352706987672911, 0.3981997222868564, 0.18434842477482904, 0.8887101250277002, 0.8627447899630886, 0.5882002296793368, 0.30641657460290217, 0.9894939142298692, 0.6410528193269952]

Erro da solução (|Ax - b|): 0.00019672153049657922
Erro no vetor x: 11.079041668888303

Tempo de execução: 0.008297443389892578
