Matriz não é simétrica positiva definida

Solução x:
[1, 1, 1, 1, 1, 1, 1, 1, 1, 1, 1, 1, 1, 1, 1, 1, 1, 1, 1, 1, 1, 1, 1, 1, 1, 1, 1, 1, 1, 1, 1, 1, 1, 1, 1, 1, 1, 1, 1, 1, 1, 1, 1, 1, 1, 1, 1, 1, 1, 1, 1, 1, 1, 1, 1, 1, 1, 1, 1, 1, 1, 1, 1, 1, 1, 1, 1, 1, 1, 1, 1, 1, 1, 1, 1, 1, 1, 1, 1, 1, 1, 1, 1, 1, 1, 1, 1, 1, 1, 1, 1, 1, 1, 1, 1, 1, 1, 1, 1, 1, 1, 1, 1, 1, 1, 1, 1, 1, 1, 1, 1, 1, 1, 1, 1, 1, 1, 1, 1, 1, 1, 1, 1, 1, 1, 1, 1, 1, 1, 1, 1, 1, 1, 1, 1, 1, 1, 1, 1, 1, 1, 1, 1, 1, 1, 1, 1, 1, 1, 1, 1, 1, 1, 1, 1, 1, 1, 1, 1, 1, 1, 1, 1, 1, 1, 1, 1, 1, 1, 1, 1, 1, 1, 1, 1, 1, 1, 1, 1, 1, 1, 1, 1, 1, 1, 1, 1, 1, 1, 1, 1, 1, 1, 1, 1, 1, 1, 1, 1, 1, 1, 1, 1, 1, 1, 1, 1, 1, 1, 1, 1, 1, 1, 1, 1, 1, 1, 1, 1, 1, 1, 1, 1, 1, 1, 1, 1, 1, 1, 1, 1, 1, 1, 1, 1, 1, 1, 1, 1, 1, 1, 1, 1, 1, 1, 1, 1, 1, 1, 1, 1, 1, 1, 1, 1, 1, 1, 1, 1, 1, 1, 1, 1, 1, 1, 1, 1, 1, 1, 1, 1, 1, 1, 1, 1, 1, 1, 1, 1, 1, 1, 1, 1, 1, 1, 1, 1, 1, 1, 1, 1, 1, 1, 1, 1, 1, 1, 1, 1, 1, 1, 1, 1, 1, 1, 1, 1, 1, 1, 1, 1, 1, 1, 1, 1, 1, 1, 1, 1, 1, 1, 1, 1, 1, 1, 1, 1, 1, 1, 1, 1, 1, 1, 1, 1, 1, 1, 1, 1, 1, 1, 1, 1, 1, 1, 1, 1, 1, 1, 1, 1, 1, 1, 1, 1, 1, 1, 1, 1, 1, 1, 1, 1, 1, 1, 1, 1, 1, 1, 1, 1, 1, 1, 1, 1, 1, 1, 1, 1, 1, 1, 1, 1, 1, 1, 1, 1, 1, 1, 1, 1, 1, 1, 1, 1, 1, 1, 1, 1, 1, 1, 1, 1, 1, 1, 1, 1, 1, 1, 1, 1, 1, 1, 1, 1, 1, 1, 1, 1, 1, 1, 1, 1, 1, 1, 1, 1, 1, 1, 1, 1, 1, 1, 1, 1, 1, 1, 1, 1, 1, 1, 1, 1, 1, 1, 1, 1, 1, 1, 1, 1, 1, 1, 1, 1, 1, 1, 1, 1, 1, 1, 1, 1, 1, 1, 1, 1, 1, 1, 1, 1, 1, 1, 1, 1, 1, 1, 1, 1, 1, 1, 1, 1, 1, 1, 1, 1, 1, 1, 1, 1, 1, 1, 1, 1, 1, 1, 1, 1, 1]

X_aleatório_inicial:
[0.5015743957177146, 0.6472018812933036, 0.7143052020978059, 0.322755331513519, 0.001493731732204573, 0.4848450231771717, 0.408157660986866, 0.5854085216761751, 0.03340407105778376, 0.8535970185758688, 0.7494774109358594, 0.7932091942189491, 0.0060568780956217205, 0.6067451986599987, 0.9738655816546732, 0.6493307678840898, 0.39318831590358916, 0.3458261705827558, 0.7903997921542145, 0.5380318663130669, 0.16029055575668116, 0.11939320618863059, 0.43594925540618346, 0.48882252116328484, 0.08387787531927915, 0.21529139058379787, 0.6198271040796883, 0.7391957572974017, 0.991634037146722, 0.26633275633573206, 0.5533367935800708, 0.7917614334112664, 0.054169495212792684, 0.05197435876701051, 0.9736899972841476, 0.1649723131371067, 0.012812418323368768, 0.6174416984131204, 0.2725638059897171, 0.9155011731068284, 0.8595079177147997, 0.17509256995223133, 0.9346413797215953, 0.6435770186243915, 0.6285718350962654, 0.5750833691982238, 0.7995249611458399, 0.21414340396136, 0.19564451236553881, 0.791812503711512, 0.42757500188259834, 0.6006173005185045, 0.9486088530863145, 0.7845359260535771, 0.18853283462149084, 0.977662524835307, 0.3277628042406805, 0.49713041178382655, 0.08826769279788871, 0.8606197964842701, 0.2865445613716284, 0.19455601099212438, 0.04535905882175839, 0.9747005658323442, 0.6961641568343855, 0.108369146761644, 0.04608647731483184, 0.37899063380639253, 0.7270470058375151, 0.7444428152997857, 0.7700662567373218, 0.48315207545655503, 0.16057104682683287, 0.27055608076152615, 0.829375221405204, 0.754788033328736, 0.09109168723841699, 0.40359061948952146, 0.3050826568612659, 0.3548572504791402, 0.15439234299197047, 0.2522899962182603, 0.25978804691327095, 0.8929903809071031, 0.9162310917390926, 0.12442410879115295, 0.7622560522240817, 0.8072610289829322, 0.14903858216371102, 0.28439113456270604, 0.39209473385431093, 0.3624484782442857, 0.659514491074494, 0.11267329733502451, 0.7473858227811493, 0.8017345558455836, 0.1652427348730694, 0.8216129383848993, 0.11561420672496103, 0.4257397529664967, 0.5547835397553621, 0.3263635647690023, 0.18813221389794466, 0.8972634067179902, 0.9128507488012664, 0.6235050282285132, 0.3220101037333307, 0.9760179072734746, 0.02188646101235192, 0.14434499618345042, 0.27669429651816957, 0.6273141132533665, 0.08383987736128062, 0.7054089311563881, 0.7667461688854943, 0.01388054932953231, 0.1925337631331926, 0.5024737972542204, 0.0483100144156875, 0.9360910836595498, 0.2147261996819655, 0.6877252436501694, 0.07987701720604468, 0.4166773367132718, 0.21197715080915114, 0.5817429324867601, 0.7646666851113436, 0.8374996309198405, 0.21222452416636572, 0.8631805155726047, 0.05535816616680744, 0.2873703435116506, 0.7534733577172086, 0.48031576633148165, 0.8646408081088273, 0.2855247268183835, 0.8604254756668028, 0.003173552140959157, 0.3349668165774701, 0.9111216716280341, 0.3572612917247491, 0.39970752467781123, 0.6055507330346762, 0.401406714802239, 0.9301509505695781, 0.9046307193295213, 0.4123118415133209, 0.5075006110439693, 0.060727411221320526, 0.2463562276997343, 0.639543802297991, 0.3825124424281273, 0.8951111749693939, 0.8101174600954238, 0.9805586100970306, 0.8865005875995474, 0.5793924607335258, 0.3504610505640926, 0.46046628852578353, 0.38856061262265096, 0.9907533638306003, 0.04848582798121692, 0.43204022316118085, 0.0735971558075279, 0.49134491792416257, 0.741765222347309, 0.5627803862168563, 0.1937913322582695, 0.7839189210905463, 0.617465461965136, 0.2109656338077206, 0.0020904597947719594, 0.9222228421802008, 0.8847053183664858, 0.8372392111112025, 0.5186651312201416, 0.2737971936122864, 0.5926761271686197, 0.10109696628809361, 0.6246018727876176, 0.8129018340555317, 0.1400616404879983, 0.380473465952365, 0.6883543579497865, 0.5600309309995248, 0.6704385635488145, 0.5565995569730809, 0.24232887902605138, 0.6781404944524262, 0.5435878087239809, 0.8923507944492531, 0.2223106711970676, 0.5506725086730667, 0.0006992481673517847, 0.3094129589356054, 0.4870524326934146, 0.9708656514902682, 0.6473274099015639, 0.4479434363319157, 0.1963063287675716, 0.4018216491096346, 0.21875002816654265, 0.6827412985016799, 0.01872593204544759, 0.8342432026617264, 0.36021269590500915, 0.12189730243861163, 0.9412039480128632, 0.09616416816521345, 0.8448745869519716, 0.9437046154637685, 0.916969096171042, 0.620148594864132, 0.779362842829036, 0.13975457925894597, 0.2371664865049733, 0.6665302991349886, 0.16648101442992858, 0.39345016377693587, 0.1738138889004972, 0.0649162428893989, 0.06313267414199342, 0.104546052267395, 0.870781075981444, 0.7792353450604976, 0.5908902323378523, 0.46353482108855737, 0.7391139692227737, 0.6871833411044456, 0.04081583241392628, 0.5044978638459804, 0.1019733032789365, 0.42476367767103795, 0.3453713404244827, 0.5741006751598269, 0.3556806888498818, 0.09381197626662674, 0.44984722535370025, 0.9694516989887872, 0.5724472399968807, 0.6608317675032253, 0.8587025083428829, 0.5432540701238333, 0.9980858918099942, 0.7288363980957258, 0.22953479830234869, 0.10927443875066323, 0.6818506975257846, 0.7253855436834404, 0.6754244102239332, 0.7598849600892106, 0.5658378338612712, 0.14528658365097458, 0.8959878125792893, 0.41107837757307375, 0.3737617699417124, 0.47445812600375714, 0.738323639388222, 0.3225605362954468, 0.751353380936929, 0.3764310628204651, 0.7486028121437094, 0.49054857486198233, 0.013813240644832137, 0.8102150123631477, 0.13153361077486503, 0.8155413346140155, 0.6255022713382762, 0.9044369757156103, 0.7442392117063755, 0.8830254997311334, 0.7722553490682347, 0.18696869324536713, 0.9067862172453891, 0.15372303614315175, 0.2894642315946573, 0.4993941175806519, 0.4190770542411736, 0.9496459949696124, 0.7326453614557493, 0.7659044087789981, 0.8171189745609126, 0.047577022521284595, 0.7932032583014496, 0.3578882216043602, 0.1192712821588976, 0.4336592750709082, 0.7341472174625076, 0.576663934092181, 0.8829936811655439, 0.5673757239453927, 0.9474899719471035, 0.3099341428666923, 0.08928986644593939, 0.9517037361999776, 0.26953251044573867, 0.9436306540639228, 0.14904392533606747, 0.534995869751241, 0.5666046168199009, 0.08401667118492884, 0.20207157772532158, 0.42065175379735464, 0.3589591129088562, 0.8256227925406943, 0.45884887269469743, 0.751619160081167, 0.4508038030549939, 0.4456925856200682, 0.3872538697764677, 0.7515688667579183, 0.9863698826298515, 0.4956738425573416, 0.26367449425219913, 0.6189458483020809, 0.036564038715920955, 0.7852807732735211, 0.33723941506196065, 0.6842024431414975, 0.5032935643218265, 0.28537439478228244, 0.4767706317474818, 0.46351990308893865, 0.9712363941879698, 0.007742537237825253, 0.7577303254580628, 0.4919626749888749, 0.8533553984052715, 0.011379611554591218, 0.9003205241120337, 0.22679182956103983, 0.487900027933722, 0.7749677907054887, 0.8407249426315851, 0.4661777858530278, 0.12129481657494556, 0.17468251152702474, 0.9728600238272006, 0.8233568048831572, 0.09790973737103659, 0.42898538446580603, 0.7023323957792181, 0.8085608875436967, 0.0225391840516449, 0.8009437698752612, 0.1625891279890207, 0.8412470487433619, 0.6543905492651961, 0.8652302432223861, 0.4820199146536839, 0.031095204985274072, 0.0009771488807109874, 0.07921796203758624, 0.7828444223736621, 0.13966053923011468, 0.8905005933462201, 0.5287560080298155, 0.6956864382828623, 0.33857110335824747, 0.5087412166830464, 0.6249266579363361, 0.8821577332702671, 0.32304549628320023, 0.12179187103712041, 0.0939467090507754, 0.10199864469140152, 0.009888129172511917, 0.026747169268996007, 0.2383007582921456, 0.5823616996055884, 0.4671302946763465, 0.18214659986236792, 0.8405016839885101, 0.26748151439819823, 0.05962975592956388, 0.33648413152848267, 0.41271770367356153, 0.39985772265304786, 0.07580655933152292, 0.9757925873094271, 0.3983664779839231, 0.7555353911500915, 0.22305169816255976, 0.043610060058196454, 0.9928455582253113, 0.2474248837905798, 0.6302001168427586, 0.325983595358354, 0.9770573601873443, 0.35880735878553205, 0.4134098026588249, 0.08868609919079185, 0.3650762187659192, 0.7152045411561683, 0.6108058512788072, 0.7105597352027523, 0.2709760554287096, 0.04938505155246875, 0.05923670440511697, 0.821983368134692, 0.6088737748984436, 0.7907300630920825, 0.24648317763728522, 0.2257494655465203, 0.5382199452849518, 0.6972997288076724, 0.7654258408407847, 0.5993670323123572, 0.77287334671281, 0.9687659580456387, 0.20985261679526368, 0.04261562819242626, 0.2879397861119378, 0.3304237782403494, 0.379862894479711, 0.2451184663663586, 0.07631893597544204, 0.6888153258419147, 0.7009361768393061, 0.5339151637613048, 0.3376531385945092, 0.6217680095907663, 0.2405922564006645, 0.3684184570522063, 0.0454790797566863, 0.16252181306723856, 0.1498676479384572, 0.45140962984569244, 0.23485167271724872, 0.9161079522240057, 0.905493245737289, 0.896337807312209, 0.685713120681579, 0.16476565866459092, 0.762812463567868, 0.4251944176551996, 0.20285294070973148, 0.17477681418448343, 0.24283590436038882, 0.39924421545154243, 0.4942734843041454, 0.47119104929289957, 0.6615715066043142, 0.6680683110899368, 0.9313206688331772, 0.8392969401883067, 0.12441133007080818, 0.04650405650426137, 0.29741798732247315, 0.27015931689625095, 0.08026370411554962, 0.7311277773879673, 0.6914946348482501, 0.14417294761265764, 0.014881081876488511, 0.3154478556547099, 0.1948373353709798, 0.8557678534097222, 0.935503070680992, 0.6223193824377796, 0.2528758400690674, 0.08981574891197541, 0.7244507354970567, 0.5816805969400302, 0.543514293736593, 0.5218795792659213, 0.0735753347460989, 0.8202277320955287, 0.41311762690713916, 0.6976445227319895, 0.2797063377783716, 0.34012141584145783, 0.5841833739536811, 0.7523321217524185, 0.654603441707097, 0.7815897448025082, 0.42120687437308824, 0.3106254806586798, 0.21576291862763308, 0.1981907025980505, 0.06693826855893104, 0.4408974049604443, 0.36161291283009933, 0.7610448094930389, 0.45046898407988334, 0.5014916797213491, 0.8281968000364535, 0.7302114781815933, 0.26332852984841604, 0.2433614195724767, 0.7510984148564626, 0.2542682321034814, 0.22136803966769258, 0.6611296679638479, 0.7082720158044344, 0.19748575484835107, 0.18610582099063833, 0.07531775454176792, 0.29475105943430313, 0.7814646821089647]

Erro da solução (|Ax - b|): 15.059298103695063
Erro (|Ax - b|)/|b| 1.0871670812583498
Erro no vetor x: 13.252451478945371

Tempo de execução: 0.004423379898071289
