Solução x:
[6.65774085e-01 7.13871515e-01 6.91108825e-02 9.89367622e-02
 7.64117912e-03 7.65980034e-01 2.61578303e-01 4.19341055e-02
 3.39608567e-02 8.45879036e-01 5.62152087e-01 5.55947539e-01
 4.73645256e-01 8.15240281e-01 5.56702399e-01 7.45956855e-01
 8.15661784e-01 1.71176981e-01 6.49920341e-01 6.90796144e-01
 4.06657911e-01 4.24088672e-01 6.33944970e-02 5.38567864e-01
 6.56374506e-01 4.43144244e-01 9.17451885e-01 5.94013482e-01
 9.10195790e-01 8.90142019e-01 7.20903786e-01 1.39305299e-01
 2.73918965e-01 1.83845764e-01 2.27872363e-01 1.68153408e-01
 5.38713447e-02 5.42138699e-01 3.47129144e-02 1.96976165e-01
 8.40329989e-02 6.23411452e-01 3.71967893e-01 1.19757260e-01
 3.24084688e-01 1.59760933e-01 1.25844012e-01 5.82950171e-01
 4.32726678e-01 3.52616702e-01 8.13542227e-01 1.74534616e-01
 1.53064296e-01 5.27444702e-01 1.39177200e-01 1.03740082e-01
 2.51742771e-01 4.40827071e-01 9.87982624e-01 8.71775123e-01
 7.05003198e-01 7.76111409e-01 7.03474330e-01 6.59184966e-02
 5.41861563e-01 9.59263974e-01 9.05280448e-01 5.31904876e-01
 2.82062776e-02 1.68751533e-01 3.90427228e-02 6.47067911e-01
 5.64582194e-01 6.69246799e-01 5.44515846e-01 7.84142200e-01
 1.27715687e-01 9.84827571e-01 4.88120141e-01 5.26191935e-01
 8.83296265e-01 8.60171138e-01 3.30753095e-01 9.85695087e-01
 6.21946869e-01 7.56937534e-01 4.25801350e-01 5.86189764e-01
 5.94853642e-01 7.02426467e-01 2.02174669e-01 1.20292506e-01
 1.93825090e-01 7.37018340e-01 9.34149341e-01 8.48258553e-01
 2.33406084e-01 7.85152098e-01 4.60566322e-01 5.23178682e-01
 3.52553701e-01 2.65506289e-01 6.08968129e-01 9.47034048e-01
 8.42204617e-01 3.91356629e-01 8.53881133e-01 6.40436724e-01
 8.31518324e-01 9.79600517e-02 4.76628188e-01 2.67284751e-02
 8.44994678e-02 6.93792384e-01 2.53352530e-01 6.76659405e-01
 7.63314342e-01 2.92141679e-01 4.26441316e-01 1.33284994e-01
 7.44782605e-01 3.96271737e-01 7.29220500e-01 4.18593555e-01
 3.99673486e-01 4.78921334e-01 2.28677135e-01 1.06209633e-01
 8.83645549e-01 2.38930673e-02 1.53692828e-01 9.36180361e-01
 5.08230402e-01 7.49849534e-01 9.87373302e-01 3.55257521e-01
 1.35265120e-01 1.60410141e-01 3.50598681e-01 7.70741909e-01
 4.00904573e-01 1.77137103e-01 4.77691021e-01 4.57322509e-01
 1.72328263e-01 3.67164490e-01 5.90666066e-01 8.65387536e-01
 2.32194784e-01 4.52403766e-01 1.71585571e-01 2.59542473e-02
 6.31959952e-01 5.11953964e-01 6.90033095e-01 8.98735070e-01
 8.31706942e-01 3.84666276e-01 7.05572195e-01 7.52679115e-01
 6.40577393e-01 1.99235821e-01 7.69793374e-01 3.94731249e-01
 5.66865972e-01 4.22882423e-01 6.97990173e-01 1.65829551e-01
 5.42873936e-02 5.87301886e-01 9.84778365e-01 8.25273068e-01
 2.11306578e-01 8.22740556e-01 7.05745702e-01 2.92520468e-01
 8.63794789e-02 2.31747401e-01 8.27906386e-01 6.17568953e-01
 3.99685021e-01 3.73431134e-01 9.07433237e-01 8.14991015e-01
 5.73747824e-02 8.70888803e-01 7.33420902e-01 9.84991646e-01
 1.40913831e-01 4.23726165e-01 1.54410727e-01 1.28720135e-02
 2.40955800e-01 9.05700530e-01 2.56423712e-01 2.22953073e-01
 4.12460964e-01 7.49195085e-01 7.27856562e-01 3.76336977e-01
 6.26317537e-01 1.24169435e-01 7.13342862e-01 4.29770917e-01
 5.38567543e-01 8.90336589e-02 8.23005548e-01 5.94894537e-01
 7.35513104e-01 9.29585188e-01 8.74988702e-01 3.20058212e-01
 8.69485513e-01 1.71624519e-01 3.96526541e-01 2.79034249e-01
 3.30769645e-01 4.49608686e-01 1.32478150e-01 4.27162927e-01
 1.84682992e-01 7.64544242e-01 3.46298351e-01 7.54845778e-01
 2.38186174e-01 2.11347138e-01 8.61859370e-01 5.81963566e-01
 4.64993853e-01 6.75601489e-01 6.89356168e-01 3.38288549e-02
 5.38033068e-01 1.54632525e-01 3.57599416e-01 9.72017010e-01
 7.19393947e-01 3.43128263e-01 4.59590968e-01 9.96690557e-01
 9.00566633e-01 5.66714516e-02 6.14283354e-01 9.10694760e-01
 8.74126061e-01 5.95917416e-02 4.12145542e-01 5.86950976e-01
 3.89118954e-01 3.20770633e-01 1.75997988e-01 5.65655469e-01
 4.61665860e-01 9.40898093e-01 9.00950550e-01 8.66634072e-01
 2.31925155e-01 5.19042204e-01 8.53325599e-01 5.11384568e-01
 2.80131051e-01 5.44875393e-01 2.85117633e-02 6.00592165e-01
 5.97455635e-01 8.05609592e-01 7.93591944e-01 2.51889670e-01
 7.96967578e-01 6.39160669e-01 7.24404142e-02 5.51474724e-01
 9.54321479e-01 4.21851030e-01 8.37606321e-01 2.01856845e-01
 4.83809173e-01 5.00265646e-01 2.55025124e-01 7.31130829e-01
 4.99482507e-02 3.78556293e-01 8.43563845e-01 7.38142840e-01
 3.22624445e-01 1.70217138e-01 6.15539626e-01 5.46819245e-01
 6.32162616e-01 2.66322239e-01 8.40497263e-01 1.22331182e-01
 8.76544185e-01 4.33944265e-01 5.36803883e-01 6.87969455e-01
 2.92006838e-01 7.43809562e-01 7.71820122e-02 2.35051110e-01
 4.61445706e-01 1.45461601e-01 6.38778570e-02 5.16156034e-01
 7.59322817e-01 3.41307577e-01 4.64295872e-01 6.59383651e-01
 6.93679726e-01 9.56010523e-01 2.02637138e-01 9.96381757e-01
 5.96889085e-02 3.13638020e-01 8.19329839e-01 7.45105255e-01
 6.95398342e-01 7.47734551e-01 7.81406228e-01 7.18785975e-02
 4.52188917e-01 2.96236603e-04 2.68566424e-01 5.40264814e-01
 1.05982721e-01 2.24162055e-02 2.68796934e-01 8.51252465e-01
 3.51724812e-01 6.28258427e-01 2.51014414e-02 3.26159375e-01
 8.66255620e-01 3.05641772e-01 4.87231815e-01 6.98930154e-01
 6.93966070e-01 2.03146905e-01 5.62108340e-01 2.78951118e-01
 3.02997066e-01 7.93326111e-01 9.07725783e-01 7.54214941e-01
 9.64427390e-01 5.73184531e-01 9.24822265e-01 7.18449063e-01
 4.38089452e-01 1.82228108e-01 2.21232083e-01 2.34664214e-01
 2.77297301e-01 4.38751495e-01 8.88395163e-02 7.91220472e-01
 5.37433909e-01 7.52996040e-01 1.47349431e-01 7.92404955e-01
 1.70341016e-01 7.44047470e-01 4.20770797e-01 9.19151792e-01
 5.82735302e-02 9.12011100e-01 8.98751854e-01 4.65606395e-01
 3.96726088e-01 1.71653022e-01 6.42326112e-01 4.52488345e-01
 1.08000091e-01 7.53435999e-01 6.80982696e-01 1.29538224e-01
 2.71504342e-01 8.92135919e-02 7.18180735e-01 8.92677136e-01
 6.77544834e-01 6.35475178e-01 7.51723957e-01 7.25174745e-01
 4.62319288e-01 3.79033533e-01 4.21027462e-01 2.50542208e-01
 7.21798760e-01 7.95609903e-01 1.38822284e-01 5.66619133e-01
 5.59869699e-01 4.26996230e-01 5.64099141e-01 9.20621801e-01
 3.15004088e-01 2.91777242e-01 9.34970684e-01 8.44104470e-01
 9.79350857e-02 9.14329972e-01 9.28647472e-02 2.82283251e-01
 1.81248301e-01 4.51682486e-01 9.95893544e-01 9.37973718e-01
 4.83225077e-01 8.69048362e-02 6.10644761e-01 1.41481162e-01
 5.57754471e-01 1.21302848e-01 1.83521667e-01 7.12553120e-01
 1.49041318e-01 4.01902613e-01 7.58077805e-01 6.05000929e-01
 1.37909391e-01 8.79177928e-01 2.22472470e-01 1.02762729e-01
 7.55327028e-01 8.29865860e-01 8.18676049e-01 3.95611182e-01
 5.50062800e-01 1.85304232e-01 3.03216090e-01 8.75070615e-01
 5.69378575e-01 5.66308071e-02 4.19452056e-01 2.08625288e-01
 3.51355946e-01 7.87045655e-01 9.81744508e-01 3.08553786e-01
 9.50429349e-01 4.44580941e-01 2.66023620e-01 4.17383368e-01
 5.70818403e-02 1.20503764e-01 5.90185265e-01 7.00523708e-01
 1.76342058e-01 7.37254428e-01 8.04147617e-01 7.58840717e-01
 7.81420885e-01 7.98319487e-01 3.81336117e-01 2.87110229e-01
 2.69149649e-02 5.55026478e-01 2.98727949e-02 1.53649656e-01
 9.58084166e-01 4.98947970e-01 1.90837793e-01 8.24241105e-02
 5.11066005e-01 3.96726300e-01 4.87043375e-01 1.48883835e-01
 5.81603848e-01 4.83732213e-01 6.79591114e-01 4.15336779e-01
 7.01284746e-01 9.29785964e-01 8.88457865e-01 1.55175774e-01
 9.03952310e-01 9.76678734e-02 6.19511908e-02 1.25995194e-01
 6.57673211e-01 8.42483489e-01 8.90173631e-01 9.02898416e-01
 9.37622675e-01 2.03107050e-01 9.45354123e-01 2.13869790e-01
 6.83431640e-01 4.22548131e-01 4.76752879e-01 5.38851790e-01
 1.92452812e-01 2.61253695e-01 8.04727356e-01 6.35119807e-01
 3.64570167e-01 1.92924213e-01 7.27192005e-02 9.03429173e-01
 4.03345136e-01 2.49576465e-01 2.05296170e-01 3.50432581e-01
 3.04730139e-01 6.77112937e-01 9.93911703e-01 5.51555745e-01
 9.09249575e-01 9.10205656e-01 6.88647874e-01 1.49718934e-01
 5.81161262e-01 2.38916903e-01 9.91368558e-01 7.64652830e-01
 8.67749433e-01 9.34595072e-01 6.58713178e-02 8.28527494e-01
 9.37340265e-01 9.06746345e-01 1.10631540e-01 6.62683277e-01
 7.50846862e-01 2.91343389e-01 2.35290491e-02 9.17723491e-02
 1.18841948e-01 5.88177765e-01 7.72758810e-01 6.24828487e-01
 2.96591076e-01 3.41598006e-01 2.95434059e-01 1.78551917e-01
 5.71377932e-01 6.41833587e-01 2.04114004e-01 4.72718214e-02
 7.11352607e-01 6.76185550e-01 6.58247582e-01 6.48279623e-01
 5.96619472e-02 9.54639457e-01 2.64582600e-01 8.55687383e-01
 9.44372191e-02 5.50111359e-01 4.76153077e-01 1.88742288e-01
 7.77731948e-03 6.11274051e-01 6.00819960e-01 2.89261680e-01
 1.48190218e-01 4.17440739e-02 7.61243534e-01 3.13503949e-01
 1.88073426e-01 4.47718882e-01 5.73288366e-01 7.30022642e-01
 2.64759945e-01 7.02075776e-01 2.39463724e-01 5.40000199e-01
 6.79988626e-01 2.42477642e-01 4.43581037e-01 3.26179125e-01
 4.58221162e-01 8.63990576e-01 4.79767039e-01 6.72027958e-01
 1.70934786e-01 3.91725760e-01 5.94709550e-01 9.97014480e-01
 9.95177519e-02 1.74108381e-02 1.84768555e-01 9.90223965e-01
 5.93698272e-02 2.47448628e-01 3.19787055e-01 2.82110059e-01
 1.30864584e-01 8.44339877e-02 1.88747458e-01 4.27867899e-01
 9.40947061e-01 7.56999514e-01 2.22946995e-02 4.88483510e-01
 3.00482637e-01 1.51069133e-01 6.04669280e-01 2.27471823e-01
 4.27502524e-01 1.55682164e-01 2.48291797e-01 7.76349521e-01
 1.49777001e-01 3.39664162e-01 6.63128938e-01 7.72431077e-01
 1.52342412e-01 3.17176815e-01 3.02606407e-01 8.70274438e-01
 6.02969452e-01 6.20402107e-01 1.08501184e-01 3.44371556e-01
 9.47113783e-01 9.37297140e-01 9.13906934e-01 9.75456879e-01
 3.82619763e-01 1.49783754e-01 6.83319256e-01 1.32290157e-01
 4.58277868e-01 8.47997758e-01 2.08715487e-01 6.98391122e-02
 5.70801476e-01 7.20949526e-01 8.37758115e-01 7.37004440e-01
 4.54232695e-01 1.88000501e-01 1.98178806e-01 5.58816989e-01
 1.28856726e-01 2.11129510e-01 7.36639737e-01 8.81220526e-01
 6.57192564e-01 8.30508129e-01 1.24101086e-01 5.35848526e-01
 1.94622790e-01 5.06180754e-01 5.24252257e-01 2.68911233e-01
 4.19775575e-02 8.33886299e-01 8.68237984e-01 3.92605795e-01
 4.35477179e-01 3.65699143e-01 6.88306010e-01 9.44839911e-01
 7.91703840e-01 1.61825624e-01 7.77808098e-01 1.18546502e-01
 8.22785749e-01 7.72833062e-01 3.95953746e-01 7.32362020e-01
 8.84458804e-01 1.88223577e-01 6.94565117e-01 9.72017177e-01
 4.84345583e-01 1.89477453e-01 3.32137268e-01 8.45417977e-01
 2.33727592e-01 3.27500384e-02 1.80557162e-01 7.95222918e-01
 5.75775400e-01 7.49230094e-01 8.10857501e-01 6.06162327e-01
 3.51186629e-01 4.21763080e-01 3.29406348e-01 2.37955357e-01
 3.52310328e-01 7.27271071e-01 1.59717728e-01 5.49263591e-01
 1.72113063e-01 4.53245593e-01 5.46591896e-01 1.47749429e-01
 3.43443619e-02 3.96825959e-02 8.06941791e-01 5.54939983e-02
 5.95784403e-01 5.32512218e-01 5.66132031e-01 1.47418766e-01
 8.55764118e-01 1.11221885e-01 8.71677421e-01 7.42191855e-01
 4.18583822e-01 3.92731457e-01 7.52238073e-01 4.67912068e-01
 4.37738884e-01 3.64971909e-01 8.25747566e-01 7.66819940e-01
 9.79418471e-01 7.57725961e-01 4.92667273e-01 6.89748530e-01
 6.28547444e-01 8.27298207e-01 6.74144535e-01 1.07089904e-01
 6.43784745e-01 1.13644213e-01 8.40223328e-01 2.59220871e-02
 4.12486271e-01 8.64483683e-01 9.95155925e-01 2.28509471e-01
 5.55506334e-01 8.25794983e-01 4.75647819e-01 4.01684035e-01
 7.95775571e-01 1.56284696e-01 6.05016532e-02 9.94235415e-01
 4.78982084e-01 5.67124626e-01 6.53921764e-01 4.11597303e-01
 3.06293497e-01 7.97311499e-01 3.74656920e-01 3.34621319e-01
 1.41791715e-01 8.58791796e-01 7.84630414e-01 3.51603426e-01
 8.16538076e-02 7.24286559e-01 6.98176791e-01 3.83875350e-01
 4.37260646e-01 7.70917303e-01 3.32641670e-01 2.32551290e-01
 2.61905598e-01 6.34797414e-01 1.19044679e-01 6.92468850e-01
 4.27029083e-01 6.77845101e-01 6.80475346e-01 6.22263233e-01
 9.30679576e-01 2.10346005e-01 5.55266868e-01 1.41802397e-01
 9.63552841e-01 4.84401405e-01 8.11591178e-01 1.10794970e-01
 5.19157231e-02 7.61434130e-01 1.37573991e-01 7.52588598e-01
 6.08718925e-01 2.53069693e-01 5.13804000e-01 8.90444056e-01
 1.76347175e-01 3.91139687e-01 5.00833251e-01 6.17703795e-01
 6.05146566e-02 6.48987510e-01 6.99186564e-01 1.45727135e-01
 3.26239584e-01 1.22194988e-01 5.29837086e-01 4.62577707e-01
 3.23238507e-01 6.17661838e-01 7.98263324e-01 8.83105215e-01
 5.40033776e-01 5.14012312e-02 1.85986562e-01 5.70040783e-01
 3.58749021e-01 5.89417620e-01 7.37426172e-01 4.12362907e-01
 9.34335368e-01 3.12171461e-01 9.92524253e-01 4.77537939e-01
 1.12444218e-01 8.47538859e-01 5.97746101e-02 1.46399212e-02
 3.30544469e-01 9.44856913e-01 8.17556203e-01 5.75011445e-01
 4.38622188e-01 4.71205756e-01 4.89667558e-01 7.95565877e-01
 7.69626046e-02 9.35033197e-01 5.52037322e-01 4.00446027e-01
 2.44523661e-01 2.20952222e-01 2.73365675e-01 9.95888782e-01
 1.41897600e-01 2.14081429e-01 7.02061442e-01 5.22972979e-01
 4.45483495e-01 1.39013292e-01 8.09087115e-01 5.79917436e-01
 2.75978452e-01 3.28440547e-01 2.02138644e-01 9.65422108e-01
 6.37669655e-01 2.62820402e-01 8.58664259e-01 5.87541134e-01
 4.86764293e-01 8.21185535e-02 4.12976016e-01 4.71018488e-01
 7.87550751e-01 7.72230254e-01 7.48280864e-01 4.79432006e-01
 8.99860318e-01 9.26634814e-02 2.41129313e-01 1.48067621e-01
 1.47871641e-01 2.07645779e-02 2.98320725e-01 3.61337290e-01
 8.06902276e-01 9.09439984e-01 8.58751949e-01 9.33749721e-02
 7.83553160e-01 5.15629784e-01 4.62533112e-01 1.99712278e-01
 6.44435655e-01 6.54508839e-01 3.39697735e-01 2.67674659e-01
 1.05128723e-01 2.53962200e-02 8.29349707e-01 6.10417424e-01
 5.62271085e-01 2.74861214e-02 1.19018327e-02 8.88009294e-01
 9.22678103e-01 7.01438107e-01 4.14954762e-01 7.05821140e-01
 4.90453611e-01 7.58568608e-01 8.70050825e-01 2.52008076e-01
 8.27017224e-01 4.79111024e-01 4.95872743e-01 4.54754555e-01
 5.89779357e-01 1.98832907e-01 1.34474159e-01 2.64427860e-01
 3.80688333e-01 5.83146779e-01 3.78911939e-01 8.92967854e-02]

X_aleatório_inicial:
[0.6657740854355751, 0.7138715154813496, 0.06911088252073194, 0.09893676223209114, 0.007641179122375941, 0.7659800337643083, 0.26157830267865645, 0.0419341054702449, 0.03396085665895354, 0.8458790356518117, 0.5621520866762628, 0.5559475392697187, 0.47364525589272655, 0.8152402810441467, 0.5567023990859202, 0.7459568548350616, 0.8156617841085113, 0.1711769811052022, 0.6499203405492758, 0.690796144258928, 0.40665791082001335, 0.4240886721528234, 0.06339449700289734, 0.5385678639971576, 0.6563745062916401, 0.44314424402216035, 0.9174518845971658, 0.5940134820928968, 0.9101957900890121, 0.8901420194102286, 0.7209037855270323, 0.13930529898760702, 0.27391896505299307, 0.18384576388430174, 0.22787236303528025, 0.16815340815735402, 0.053871344724387704, 0.5421386986920265, 0.034712914376894055, 0.19697616512292349, 0.08403299893136751, 0.6234114515588781, 0.37196789298256794, 0.11975726002394915, 0.32408468799331025, 0.15976093283011195, 0.12584401163818137, 0.5829501707603693, 0.4327266776901336, 0.3526167023708202, 0.8135422267474149, 0.1745346155755133, 0.15306429562849977, 0.5274447022915931, 0.13917719970596898, 0.1037400816453492, 0.251742770758254, 0.440827071235919, 0.9879826244402738, 0.8717751234380753, 0.705003197824683, 0.7761114092138026, 0.7034743300870335, 0.06591849662411353, 0.5418615630800969, 0.9592639736840475, 0.9052804476882312, 0.5319048758930844, 0.02820627755944516, 0.1687515325041068, 0.0390427227568797, 0.6470679113965508, 0.5645821942388115, 0.6692467988587313, 0.5445158463006147, 0.7841422004276392, 0.1277156865804674, 0.9848275705617253, 0.48812014069858634, 0.5261919354792521, 0.8832962652652289, 0.860171138035371, 0.33075309452504553, 0.9856950874650569, 0.6219468686316036, 0.7569375335436898, 0.4258013504604492, 0.5861897636899595, 0.5948536419363191, 0.7024264670323448, 0.20217466937363682, 0.12029250572769756, 0.1938250895958784, 0.7370183404651217, 0.9341493410788551, 0.8482585528772184, 0.23340608413637387, 0.7851520976417903, 0.4605663217622943, 0.5231786816106057, 0.35255370065545066, 0.2655062893579062, 0.6089681290943707, 0.9470340482072719, 0.8422046168378486, 0.3913566286052118, 0.8538811328953969, 0.6404367242824788, 0.8315183242188481, 0.09796005167738175, 0.47662818794520423, 0.026728475140096686, 0.0844994678075005, 0.6937923839120228, 0.25335252951901055, 0.6766594049318856, 0.7633143415182889, 0.2921416787934651, 0.42644131598451906, 0.13328499436111585, 0.7447826054145954, 0.39627173650965397, 0.7292204999967754, 0.4185935545036905, 0.3996734861283452, 0.47892133359161626, 0.2286771352880843, 0.10620963275102291, 0.8836455493357425, 0.023893067292433012, 0.15369282828007647, 0.9361803609629386, 0.5082304017174408, 0.7498495344720504, 0.9873733021362731, 0.3552575207618832, 0.13526511964345966, 0.16041014106006024, 0.35059868114941983, 0.7707419090744096, 0.400904573404264, 0.1771371025620706, 0.4776910205450342, 0.4573225089268401, 0.1723282626722984, 0.367164489862687, 0.5906660659759504, 0.865387536498799, 0.23219478439865626, 0.45240376558797935, 0.17158557148444065, 0.025954247297627853, 0.6319599520654892, 0.5119539639867514, 0.6900330954800682, 0.8987350700308724, 0.831706941766647, 0.3846662761388736, 0.7055721951276553, 0.752679115107036, 0.640577393071357, 0.19923582138579798, 0.7697933735026026, 0.3947312493149684, 0.5668659724795723, 0.42288242342072824, 0.6979901732752446, 0.16582955120421017, 0.05428739360529322, 0.5873018860171667, 0.9847783649308639, 0.825273068426976, 0.2113065780379968, 0.8227405558323351, 0.7057457024141615, 0.2925204682424484, 0.08637947886930242, 0.23174740075995826, 0.82790638578379, 0.6175689530085592, 0.3996850213824642, 0.3734311342254443, 0.9074332367970552, 0.814991015343017, 0.057374782433384786, 0.8708888029173577, 0.7334209015194191, 0.9849916464774414, 0.14091383084835885, 0.4237261649644374, 0.15441072700866343, 0.012872013492215895, 0.2409557999095504, 0.905700529705013, 0.25642371161045474, 0.22295307349830495, 0.4124609635781241, 0.7491950854921214, 0.7278565619784104, 0.3763369769146303, 0.6263175367290083, 0.12416943505446054, 0.7133428622920687, 0.4297709168277266, 0.5385675431089695, 0.08903365893538595, 0.8230055477477415, 0.5948945367234628, 0.7355131041299343, 0.9295851882010528, 0.8749887022999747, 0.3200582120386315, 0.8694855129443644, 0.17162451852937533, 0.39652654094117623, 0.2790342489625277, 0.3307696445984756, 0.4496086858153796, 0.13247815037840316, 0.4271629269241397, 0.18468299228163632, 0.764544241701134, 0.3462983510582971, 0.7548457777541894, 0.23818617391825525, 0.21134713777855785, 0.8618593696263274, 0.581963566223862, 0.4649938527857045, 0.6756014889474404, 0.6893561677680806, 0.033828854894035754, 0.538033067671307, 0.15463252527162874, 0.3575994157926763, 0.9720170104891404, 0.7193939469107874, 0.34312826273434327, 0.4595909680627277, 0.9966905566872762, 0.900566633413865, 0.05667145157449627, 0.6142833542021663, 0.9106947604816952, 0.8741260609827454, 0.059591741584660296, 0.41214554227271416, 0.5869509756136077, 0.38911895398029206, 0.32077063329661426, 0.17599798812585654, 0.5656554692029642, 0.4616658601580539, 0.9408980930032839, 0.9009505495925921, 0.8666340718340119, 0.23192515474650632, 0.5190422041363322, 0.8533255992960391, 0.5113845678229587, 0.28013105081441836, 0.5448753931238693, 0.028511763277700775, 0.6005921653870252, 0.5974556348511056, 0.8056095917252313, 0.7935919441091315, 0.25188967046383925, 0.7969675778171206, 0.639160669205347, 0.07244041416684466, 0.5514747237426839, 0.9543214787602543, 0.42185102970990684, 0.8376063208153973, 0.20185684502592383, 0.48380917334904905, 0.5002656460885256, 0.25502512353163975, 0.7311308291625451, 0.04994825074384612, 0.3785562934926324, 0.8435638447735082, 0.7381428395473751, 0.3226244445510902, 0.1702171375472581, 0.6155396263536385, 0.5468192449236449, 0.6321626164805441, 0.26632223880611383, 0.8404972629402964, 0.12233118171966739, 0.876544185405449, 0.4339442650068841, 0.5368038832081027, 0.6879694554786501, 0.29200683779263803, 0.7438095616339305, 0.07718201215248077, 0.2350511096334118, 0.46144570557327236, 0.14546160072107317, 0.06387785703067883, 0.5161560339783029, 0.7593228165394408, 0.3413075765322926, 0.46429587219172896, 0.6593836510129311, 0.6936797261942587, 0.9560105230210684, 0.2026371383354113, 0.996381756688796, 0.05968890845406649, 0.3136380198665014, 0.8193298394060077, 0.7451052550138046, 0.6953983420773232, 0.7477345506580062, 0.7814062276473155, 0.07187859748907488, 0.45218891701763864, 0.0002962366025552887, 0.26856642416987075, 0.5402648135721867, 0.10598272067985715, 0.022416205463261063, 0.26879693422163586, 0.8512524653001389, 0.3517248115007716, 0.6282584266592562, 0.025101441430204763, 0.32615937541787976, 0.8662556199281897, 0.3056417720626675, 0.4872318154199605, 0.6989301542497605, 0.6939660697128471, 0.20314690456088058, 0.5621083403676265, 0.27895111760405644, 0.30299706625423717, 0.7933261114591698, 0.907725783283096, 0.7542149411034819, 0.9644273900105138, 0.5731845313984848, 0.9248222645972963, 0.7184490634640545, 0.4380894523266987, 0.18222810845172432, 0.2212320828731762, 0.2346642139191658, 0.2772973009439601, 0.438751495161918, 0.08883951626785369, 0.7912204723596895, 0.5374339085094307, 0.7529960396592317, 0.14734943058007854, 0.7924049546479073, 0.17034101550122205, 0.7440474700561136, 0.4207707965828743, 0.9191517915995758, 0.05827353017943282, 0.912011099868857, 0.8987518537748816, 0.46560639509451185, 0.3967260881113047, 0.1716530218841711, 0.6423261121200968, 0.4524883451423798, 0.10800009076535177, 0.7534359994165658, 0.6809826961947317, 0.12953822360341283, 0.27150434216057817, 0.08921359187730371, 0.7181807345234499, 0.8926771364084598, 0.6775448339173624, 0.6354751783878286, 0.7517239572470444, 0.7251747446969298, 0.4623192880118677, 0.3790335331717941, 0.42102746216765485, 0.25054220798277904, 0.7217987604856659, 0.7956099029100198, 0.13882228356464055, 0.5666191327282495, 0.5598696986579658, 0.4269962295516214, 0.5640991408550108, 0.9206218006886988, 0.31500408824598847, 0.2917772421372852, 0.934970683718203, 0.8441044696575345, 0.09793508568720533, 0.9143299723186223, 0.09286474715805604, 0.28228325072496596, 0.1812483005454083, 0.45168248627387053, 0.9958935436491572, 0.9379737177669664, 0.4832250770488109, 0.08690483621848955, 0.610644761457476, 0.14148116171590475, 0.5577544705513912, 0.12130284801575753, 0.18352166651977597, 0.7125531203318678, 0.14904131821088706, 0.40190261277893835, 0.7580778050541407, 0.6050009292474992, 0.1379093913073618, 0.8791779275967673, 0.22247246978997404, 0.10276272882456994, 0.7553270278578059, 0.8298658600866539, 0.8186760490968914, 0.39561118167287923, 0.5500628001615162, 0.18530423186387357, 0.3032160904530774, 0.875070614697094, 0.5693785749898764, 0.05663080708505397, 0.41945205610102576, 0.2086252879246301, 0.35135594595923425, 0.787045654727233, 0.9817445078098057, 0.30855378563391755, 0.9504293491088925, 0.44458094072326493, 0.26602361981688394, 0.4173833680495167, 0.057081840344486934, 0.12050376364314108, 0.5901852646823506, 0.7005237077432162, 0.17634205760146482, 0.7372544284085067, 0.8041476171615614, 0.7588407168036818, 0.7814208852542164, 0.7983194869852629, 0.38133611692073066, 0.287110229003819, 0.026914964934933283, 0.555026477817934, 0.029872794912885636, 0.1536496562346632, 0.9580841662159104, 0.4989479700130004, 0.19083779288148917, 0.08242411054828813, 0.5110660050688202, 0.39672629995685715, 0.487043374757569, 0.14888383517775217, 0.5816038476146447, 0.48373221250293263, 0.6795911143326908, 0.41533677856485063, 0.7012847456123006, 0.9297859644183407, 0.8884578649870344, 0.1551757738379237, 0.9039523104374574, 0.09766787341994154, 0.06195119082332834, 0.12599519355873512, 0.657673210692227, 0.8424834889031871, 0.8901736314312432, 0.9028984158603525, 0.9376226752349507, 0.20310704954583136, 0.9453541228462188, 0.21386979021967278, 0.6834316395408577, 0.42254813075765396, 0.4767528793588435, 0.5388517898690711, 0.19245281175434725, 0.2612536952692609, 0.8047273560042532, 0.6351198065050339, 0.3645701672177778, 0.19292421320162545, 0.07271920053365832, 0.9034291727907902, 0.4033451361700482, 0.2495764645466504, 0.20529617049010007, 0.3504325806628159, 0.3047301393645697, 0.6771129369519036, 0.9939117029841202, 0.5515557451952071, 0.9092495746544632, 0.9102056563185331, 0.6886478740344705, 0.14971893366099642, 0.5811612617803915, 0.23891690272416233, 0.9913685581653646, 0.764652829808964, 0.8677494330874654, 0.9345950724738352, 0.06587131780850208, 0.8285274941650855, 0.9373402647949504, 0.9067463451688723, 0.11063154002867936, 0.66268327664955, 0.7508468623467808, 0.2913433886036194, 0.023529049140399994, 0.09177234909544052, 0.11884194847982821, 0.58817776496135, 0.772758809699448, 0.6248284869739756, 0.2965910758770812, 0.341598005647878, 0.2954340590018516, 0.17855191689482253, 0.5713779315175634, 0.6418335870216885, 0.20411400360732002, 0.04727182135145669, 0.7113526073341702, 0.6761855496605839, 0.6582475821021067, 0.6482796234955722, 0.05966194715692019, 0.9546394572364325, 0.26458260035802417, 0.8556873834755435, 0.09443721906604197, 0.5501113591798064, 0.4761530765214501, 0.18874228808247695, 0.0077773194820511815, 0.6112740512154387, 0.600819960438993, 0.2892616804403524, 0.14819021835104895, 0.041744073865403464, 0.7612435336052704, 0.31350394878300336, 0.18807342622908196, 0.44771888169517626, 0.5732883664096262, 0.7300226424749172, 0.26475994482257015, 0.7020757760584108, 0.2394637240606099, 0.5400001994433591, 0.6799886261519787, 0.24247764157912743, 0.4435810367437437, 0.32617912476895816, 0.4582211617427202, 0.8639905758218647, 0.47976703913457563, 0.6720279581587513, 0.17093478580146204, 0.39172576022576977, 0.5947095503606152, 0.9970144803920433, 0.09951775187159595, 0.01741083812084454, 0.18476855506615952, 0.9902239646820284, 0.05936982715174721, 0.24744862793961575, 0.31978705488252135, 0.2821100591419051, 0.13086458363545073, 0.08443398772689303, 0.18874745784196756, 0.4278678990381266, 0.9409470607306978, 0.756999514417986, 0.022294699463641376, 0.48848350979847754, 0.30048263670206143, 0.15106913305657155, 0.6046692799166952, 0.22747182257546805, 0.42750252370934594, 0.15568216444688665, 0.2482917968827565, 0.7763495205421608, 0.149777001024749, 0.3396641618638343, 0.6631289384912583, 0.7724310771010715, 0.15234241230463197, 0.3171768153128808, 0.3026064074998943, 0.8702744376416195, 0.6029694521071114, 0.6204021071054594, 0.10850118404316944, 0.34437155618798343, 0.9471137830369503, 0.9372971399308886, 0.9139069341201447, 0.9754568790419003, 0.38261976260042185, 0.1497837539600434, 0.6833192561020366, 0.1322901567853203, 0.45827786819195215, 0.847997758226096, 0.20871548665036832, 0.06983911218625505, 0.5708014760288329, 0.7209495260740845, 0.8377581149476334, 0.7370044399632512, 0.45423269504292896, 0.1880005005545362, 0.19817880621401063, 0.5588169887692518, 0.12885672564460804, 0.21112951044030748, 0.7366397366286496, 0.8812205258160319, 0.6571925640363409, 0.8305081293361476, 0.12410108582135837, 0.5358485259318827, 0.19462279008337946, 0.5061807536255702, 0.5242522565288583, 0.2689112326911093, 0.041977557460218806, 0.83388629913135, 0.8682379841520335, 0.39260579511078897, 0.4354771790989369, 0.36569914329869224, 0.6883060102084425, 0.9448399105263214, 0.7917038395016157, 0.1618256239536311, 0.7778080983094428, 0.11854650159041014, 0.8227857486142071, 0.7728330621998324, 0.3959537460022081, 0.7323620203227654, 0.8844588041863032, 0.18822357653671873, 0.6945651165207193, 0.972017177044312, 0.48434558328703703, 0.1894774526374059, 0.3321372678223645, 0.8454179769865169, 0.23372759221511163, 0.032750038437973306, 0.18055716178586223, 0.795222917700767, 0.5757754000042868, 0.7492300938075893, 0.8108575011278638, 0.6061623271212593, 0.3511866290027369, 0.4217630801148152, 0.3294063475749558, 0.23795535712787141, 0.3523103281350082, 0.7272710713904572, 0.1597177275337861, 0.5492635907851154, 0.17211306302757534, 0.4532455927875412, 0.5465918963634463, 0.14774942949377345, 0.03434436191901802, 0.03968259590952872, 0.8069417908664139, 0.05549399831570967, 0.5957844033751039, 0.5325122175433736, 0.5661320310425608, 0.14741876575099444, 0.8557641180820305, 0.11122188480864681, 0.8716774206854957, 0.7421918551661356, 0.41858382242913794, 0.39273145737083004, 0.7522380731429065, 0.4679120675383921, 0.43773888375958103, 0.3649719094387749, 0.8257475656411758, 0.7668199404743568, 0.9794184714373849, 0.7577259608848504, 0.4926672727680751, 0.6897485302734826, 0.6285474436858337, 0.8272982068945657, 0.6741445349497096, 0.10708990440058641, 0.6437847446244821, 0.11364421258778323, 0.840223328179245, 0.025922087066446498, 0.4124862712134235, 0.864483683064032, 0.9951559247369447, 0.22850947113351971, 0.5555063342574725, 0.8257949832203361, 0.47564781886869867, 0.4016840345023259, 0.7957755708969171, 0.15628469623589736, 0.060501653197707284, 0.9942354146515178, 0.47898208419421173, 0.5671246263304826, 0.6539217641844245, 0.41159730307088394, 0.3062934966264077, 0.7973114989984941, 0.37465692010394913, 0.3346213191158929, 0.14179171522562328, 0.8587917962199072, 0.7846304141386583, 0.35160342643619846, 0.08165380762426777, 0.7242865586347905, 0.6981767907984913, 0.3838753503456378, 0.4372606459619789, 0.7709173027486651, 0.3326416701550957, 0.23255128984736295, 0.26190559751683407, 0.6347974138554745, 0.11904467880587066, 0.6924688502167003, 0.42702908331893985, 0.677845101249771, 0.6804753463602617, 0.6222632329854133, 0.9306795764143589, 0.21034600527436398, 0.5552668682950491, 0.1418023969891119, 0.9635528410442746, 0.4844014045704226, 0.8115911779978618, 0.11079496952062617, 0.05191572310338399, 0.7614341300682734, 0.1375739912148899, 0.7525885979250255, 0.6087189253925793, 0.25306969258762557, 0.5138039995727437, 0.8904440555650301, 0.17634717458285631, 0.3911396865246016, 0.500833251310529, 0.6177037950844875, 0.06051465658314603, 0.648987510030906, 0.6991865638119098, 0.14572713531895232, 0.326239583851314, 0.12219498814457963, 0.5298370857526442, 0.46257770696858636, 0.32323850659169995, 0.6176618384908853, 0.7982633241618111, 0.8831052154879626, 0.5400337756053466, 0.05140123123298512, 0.18598656167459338, 0.5700407832304816, 0.3587490212536789, 0.5894176203929169, 0.7374261715305281, 0.41236290696349187, 0.9343353675160729, 0.3121714610231323, 0.9925242529160372, 0.4775379390895357, 0.11244421781259584, 0.8475388585932198, 0.05977461007822349, 0.014639921240755305, 0.33054446851694985, 0.9448569133752487, 0.8175562026038554, 0.5750114454544845, 0.43862218757030547, 0.47120575634028505, 0.4896675577998144, 0.7955658773199817, 0.07696260460662674, 0.9350331965827187, 0.5520373223302311, 0.4004460273131507, 0.24452366144987703, 0.22095222150669724, 0.27336567471607165, 0.9958887824321645, 0.14189759984315042, 0.2140814293209493, 0.7020614418645842, 0.5229729788180478, 0.4454834948787936, 0.1390132915759148, 0.8090871146309861, 0.5799174357207267, 0.27597845183261027, 0.3284405469300202, 0.20213864414738814, 0.9654221075558417, 0.6376696549242643, 0.26282040182212185, 0.8586642586034645, 0.587541134117195, 0.4867642934419475, 0.0821185534846921, 0.4129760158519796, 0.4710184877107918, 0.7875507507278753, 0.7722302537930913, 0.7482808641226334, 0.4794320055762704, 0.8998603177185145, 0.09266348138593639, 0.24112931306595675, 0.1480676206176007, 0.1478716411153963, 0.020764577901317582, 0.29832072523719577, 0.3613372895119573, 0.806902276421934, 0.9094399839962402, 0.8587519494987784, 0.09337497205899958, 0.7835531602491026, 0.5156297844904216, 0.4625331123981957, 0.19971227810858072, 0.6444356550280467, 0.6545088392789508, 0.33969773456470964, 0.26767465886409836, 0.10512872325120148, 0.025396219969172518, 0.8293497066843285, 0.610417423529946, 0.562271084595852, 0.0274861214211084, 0.011901832653283595, 0.8880092943988319, 0.9226781033679287, 0.7014381074034459, 0.4149547620845623, 0.7058211398113333, 0.4904536113590088, 0.75856860783825, 0.8700508253443672, 0.252008075957015, 0.8270172235840226, 0.4791110237150924, 0.49587274317958274, 0.45475455498462447, 0.5897793566772833, 0.19883290704930656, 0.13447415889960024, 0.2644278602720723, 0.3806883331288129, 0.5831467791619805, 0.37891193859760197, 0.08929678544386233]

Erro da solução (|Ax - b|): 2.587843155100544e-14
Erro (|Ax - b|)/|b| 3.4411904004740584e-16
Erro no vetor x: 1.736166542793364e-14

Tempo de execução: 0.07174110412597656
