Solução x:
[4.19485754e-01 9.69113772e-01 5.08115817e-01 8.37925101e-01
 4.84866730e-01 9.04421618e-01 2.65771418e-01 8.89529286e-01
 4.39814062e-01 1.29391605e-01 1.11185204e-01 2.61673337e-01
 4.06080916e-01 9.12459487e-01 7.11307159e-01 2.74928063e-01
 4.19321254e-01 6.58900979e-01 2.51967241e-01 1.49609217e-01
 1.82211649e-01 4.64449715e-01 1.01476501e-01 8.31174015e-01
 2.76827488e-01 4.29203386e-01 4.29375530e-01 6.07177064e-01
 3.52903383e-01 9.91092011e-01 7.87985277e-01 7.89535332e-01
 8.56623082e-01 9.25871016e-01 1.16806555e-01 7.18161409e-01
 2.37533907e-01 1.21931420e-01 7.00397227e-02 9.61282090e-01
 9.24837724e-01 6.62814222e-01 3.41269026e-02 7.05004199e-01
 3.89827310e-01 5.69679542e-01 7.66293293e-01 9.33703692e-01
 7.24588868e-01 9.57200079e-01 4.43198136e-01 9.77628754e-01
 4.29865320e-01 8.38600423e-01 6.05077424e-01 1.36867241e-01
 8.53392134e-01 3.83590024e-01 3.69249831e-01 6.85961686e-01
 1.87654536e-01 4.83519595e-01 3.18996135e-01 2.26662987e-01
 6.41893399e-01 4.73428341e-01 9.54426405e-01 5.46116740e-01
 2.27595492e-01 5.69331544e-01 5.16396130e-01 3.17938244e-01
 5.80876588e-02 6.78443107e-01 2.44361654e-01 4.95242891e-01
 4.13741007e-01 6.79284365e-01 1.65283343e-01 4.66204079e-01
 2.02365386e-01 1.49827644e-01 5.57248554e-01 1.25335294e-01
 9.34941671e-01 4.48285007e-01 2.92222291e-01 5.33802229e-01
 6.88523795e-02 3.42632311e-01 5.12893442e-01 4.06747883e-01
 6.82069811e-01 3.23746432e-01 7.31947161e-01 4.03336653e-01
 6.30099962e-01 8.58566201e-01 2.33752329e-01 7.69031502e-01
 8.06521518e-01 4.32832860e-01 5.86405931e-01 5.49304612e-01
 7.31630096e-01 1.54009321e-01 5.74715199e-01 3.37362472e-01
 1.73569479e-01 5.75706348e-01 9.02621034e-01 3.09036745e-01
 8.88248656e-01 1.93264179e-01 6.30954852e-01 7.77066526e-01
 7.35280565e-01 5.62877467e-01 8.04759287e-01 5.13303567e-01
 3.78488478e-01 4.88427072e-02 8.98607107e-01 4.39305684e-01
 6.99660324e-01 1.91884081e-01 2.60255104e-01 4.03982628e-01
 6.45322209e-01 7.71360625e-01 1.08520814e-01 7.49159457e-01
 2.15989298e-01 2.09633648e-01 2.90844794e-01 8.18992263e-01
 7.94708626e-01 6.24450817e-01 8.70122495e-01 4.81414217e-01
 2.24769719e-02 8.38285978e-02 8.61561677e-01 3.17585992e-01
 8.72729668e-01 8.02049060e-01 5.29009882e-01 5.55982107e-01
 4.24685243e-01 7.27089249e-01 9.44028177e-01 1.05987404e-01
 7.30613137e-01 9.38728986e-01 4.00737543e-01 5.66468610e-01
 3.91686131e-01 5.89650944e-01 8.23645161e-01 2.34384222e-01
 8.55276130e-01 9.31493567e-01 3.71243330e-01 3.24936777e-02
 3.84903027e-01 9.06142556e-01 9.16518857e-01 5.83211152e-01
 2.52256127e-01 9.92103440e-01 2.96578252e-01 3.42727168e-01
 5.72261164e-01 3.17681680e-01 3.58420823e-02 4.92211248e-01
 7.25171758e-01 9.05421695e-01 3.23976301e-01 6.50827886e-01
 9.21655014e-01 7.31893163e-01 9.83676261e-01 3.63634304e-01
 9.43116594e-01 2.90518073e-01 4.44894547e-01 6.54954517e-01
 5.43732708e-01 8.34794196e-01 5.34740658e-01 2.31253709e-01
 6.09089164e-01 3.21486310e-01 7.95166986e-01 6.48038930e-01
 8.13689931e-01 9.32844930e-01 5.10448950e-02 8.74725861e-01
 8.54856016e-01 2.09446411e-01 7.03947017e-01 8.90671919e-01
 7.80129633e-02 8.45054728e-01 5.68222126e-01 1.60740403e-01
 3.70848215e-01 3.99826711e-01 5.21392228e-01 8.49599948e-01
 9.79194382e-01 1.66440821e-01 5.47330627e-01 5.54244244e-01
 3.06929776e-01 8.47619838e-01 7.49128570e-01 6.17612430e-01
 5.58932682e-01 2.38354641e-01 5.51966984e-03 8.91889468e-01
 7.05250128e-01 3.11795665e-01 8.88291278e-01 6.14686753e-01
 8.91716388e-01 1.36746378e-01 9.68967515e-01 8.91140735e-01
 4.56709262e-01 3.31307695e-01 8.27496334e-01 3.70010675e-01
 3.30486532e-01 7.63721960e-01 8.37687931e-01 1.00672724e-01
 2.94825686e-01 9.29798516e-01 5.06594400e-01 5.35242211e-01
 3.64005796e-01 3.49102890e-01 5.93354559e-01 6.80569878e-01
 3.63531112e-01 5.75260251e-01 8.86340571e-01 3.00179627e-01
 9.01962906e-01 9.62598982e-01 1.04864495e-01 9.78780402e-01
 2.70014563e-01 9.18416987e-02 5.49760137e-01 3.29145755e-01
 4.76869937e-01 3.55440669e-01 4.41405076e-01 2.72158020e-01
 1.20534662e-01 5.22312867e-02 3.17760669e-01 2.29987092e-01
 2.34340760e-01 7.02316060e-01 6.50819464e-01 9.22437274e-03
 8.61829360e-01 5.36290374e-01 8.08254145e-01 9.70030355e-01
 1.54151133e-01 2.56680204e-01 5.60737319e-01 8.09094471e-01
 2.46347804e-01 1.19302607e-01 9.97967280e-01 3.46148078e-01
 9.84460463e-01 2.70479985e-01 2.19819099e-01 8.05048650e-02
 5.09011660e-01 2.49620049e-02 9.07453493e-02 9.42259772e-01
 9.42155182e-02 9.12514343e-01 4.10663874e-01 5.60542606e-01
 5.98267120e-01 8.93294468e-01 8.88114959e-02 1.89066467e-01
 9.64976918e-02 9.54011819e-01 6.55100210e-01 4.76464044e-01
 1.40112684e-01 5.94589997e-01 5.31335279e-02 4.18858861e-01
 7.50235471e-01 2.84365809e-01 1.56519292e-01 6.66130703e-01
 6.18916267e-01 3.43418810e-01 4.39357085e-01 6.46898501e-01
 2.11472150e-01 3.21820437e-01 1.23330250e-01 6.52035785e-01
 9.57411502e-01 3.00713622e-01 5.38106341e-01 6.51654006e-01
 3.38506994e-01 8.69468334e-01 1.96267545e-01 9.94319678e-01
 5.44703917e-01 3.07044681e-01 4.12597287e-01 2.42800789e-01
 6.52631062e-01 3.98743041e-01 8.06698527e-01 1.42419999e-01
 3.91304566e-01 9.13979435e-01 2.04928862e-01 5.38869850e-01
 4.91719962e-01 4.01720461e-02 9.16456583e-01 1.79108900e-01
 6.62032933e-01 7.62827310e-01 3.44357417e-01 1.21807795e-02
 7.80516656e-01 6.50676141e-01 5.78724504e-01 1.98494009e-01
 8.37589250e-01 8.39781893e-01 6.40394598e-01 5.45341949e-01
 9.44647517e-01 5.80112226e-01 1.96123041e-01 8.89941132e-01
 3.99890076e-01 8.15519236e-01 1.79669758e-04 1.06441815e-01
 8.47330957e-02 2.04235457e-02 4.91596683e-01 7.82675709e-01
 3.37180367e-01 3.05247396e-01 7.85641928e-01 5.48819793e-01
 5.68022072e-01 3.68983843e-02 7.27466776e-01 8.53810262e-01
 5.90547481e-01 9.58912149e-01 9.40283191e-01 8.49441888e-01
 7.84741052e-01 1.96997164e-01 4.61241964e-01 5.82693577e-01
 6.32791136e-01 2.65346142e-01 7.67000254e-01 7.80848004e-01
 9.57340589e-03 6.18727785e-02 7.31490047e-02 7.66484347e-01
 2.75577229e-01 7.44066663e-01 5.79214871e-01 5.44149477e-01
 7.13973291e-01 5.60167540e-01 8.23105532e-01 3.69768712e-01
 7.35201473e-01 2.24998851e-01 2.08077249e-01 5.59410321e-01
 1.13791830e-01 6.10917404e-01 1.22582286e-01 9.11959015e-01
 7.98369768e-01 4.15009844e-01 8.62154415e-01 9.09485423e-01
 7.52448964e-01 4.93253039e-01 6.34358148e-01 8.95474497e-01
 3.33888285e-01 5.19611365e-01 1.48010726e-01 3.07994373e-01
 5.92787126e-01 7.58748667e-02 2.64242056e-01 5.31589998e-01
 6.20529543e-01 3.57359379e-01 3.32256260e-01 5.22908924e-01
 3.37883349e-01 3.45355151e-01 7.70013758e-01 4.10232733e-01
 2.86339048e-01 5.68670412e-01 7.57389836e-01 7.75001186e-01
 4.43299007e-01 9.63653913e-01 6.21927827e-01 9.25827126e-01
 7.90309769e-01 4.63183996e-01 4.23971181e-01 7.51988599e-01
 1.58346229e-01 7.05981187e-01 6.82288601e-01 5.76080184e-02
 5.67845583e-01 9.15673248e-01 7.39564932e-01 4.99006880e-01
 2.46468381e-01 5.90775429e-01 2.12125725e-01 4.17898151e-01
 9.22458436e-01 1.32337130e-01 6.44838661e-01 9.04817490e-02
 7.80079509e-01 1.89282911e-01 3.16317907e-01 7.75335480e-01
 9.80949190e-01 5.43307379e-01 8.27683992e-01 7.83794002e-02
 4.81641214e-01 3.48997021e-01 8.55282992e-01 9.44151985e-01
 2.74875356e-01 9.10891617e-02 7.37956666e-01 5.94467960e-01
 2.03759128e-01 6.10301489e-01 4.34739677e-01 5.78590026e-01
 6.19220637e-01 4.34474876e-01 5.69453523e-01 7.74452358e-01
 2.99718874e-01 4.47215505e-01 2.14639040e-01 2.54013573e-01
 4.01572067e-01 4.34290650e-03 8.15532968e-01 5.56407630e-01
 5.50314267e-01 4.09975094e-01 7.70010505e-01 9.73899726e-01
 6.74036362e-01 2.45237065e-01 2.30964710e-01 2.90513889e-01
 1.89511781e-01 9.23607746e-01 9.17586032e-02 7.04645165e-01
 3.90938478e-01 6.38974454e-01 1.76753203e-01 9.06420255e-01
 4.27848992e-01 1.48250146e-01 7.14460603e-01 6.79321528e-01
 7.86274390e-01 5.19805105e-01 2.19822535e-01 3.39580384e-01
 5.90215472e-01 3.83413803e-01 9.39049113e-02 7.53384176e-01
 6.46820384e-01 4.71616299e-01 6.24455380e-01 4.62847269e-01
 3.97181624e-01 3.87562957e-01 5.12461364e-01 7.40690410e-01
 1.79585759e-01 9.99340092e-01 5.35930989e-01 5.20773878e-01
 6.24190206e-01 8.44802698e-01 1.59886615e-01 2.27827356e-01
 1.33521095e-01 5.55755406e-01 4.16907927e-01 4.14721030e-01
 4.46371526e-01 1.83688632e-01 6.97760286e-02 1.70224695e-02
 8.30368047e-01 3.67689104e-02 1.29776570e-01 1.72975049e-01
 4.01491715e-02 6.62226745e-01 9.55802231e-01 4.22024751e-01
 5.74293134e-01 3.69294636e-01 5.04194945e-01 8.44202583e-01
 4.60035730e-02 4.88589286e-01 5.27572885e-01 3.13499343e-01
 7.18780719e-01 2.16769675e-01 9.50172057e-01 2.18423062e-01
 9.55531917e-01 5.11642177e-01 3.53576086e-01 8.31571669e-01
 9.31398079e-01 5.13129687e-01 5.42363665e-01 1.51785298e-02
 8.75805377e-01 8.01532312e-01 2.90762278e-01 2.13016893e-01
 2.99489528e-01 5.10543160e-02 2.66412213e-01 2.96895207e-01
 5.17691332e-01 1.98017602e-02 1.05204195e-01 2.34566501e-01
 2.97296328e-01 2.66024139e-01 8.72805357e-01 8.08569139e-01
 5.81163078e-01 1.85553454e-01 2.35792924e-01 4.51809081e-01
 5.14478162e-03 7.97203621e-01 5.89541322e-01 8.74904277e-01
 4.35671272e-01 6.16803844e-01 2.76102990e-01 4.87441561e-01
 6.16381762e-01 3.13726466e-02 1.65483585e-01 9.06904627e-01
 5.60118394e-01 8.77613049e-01 4.82368589e-01 3.88830138e-01
 4.64396594e-01 7.51269710e-01 9.45096510e-02 9.16859256e-02
 4.94975608e-01 8.62721369e-01 2.98486610e-01 8.72353086e-01
 5.77978023e-01 7.56582675e-01 8.54142407e-02 5.04130552e-01
 3.39903753e-01 7.47241134e-01 5.49998317e-01 8.47372712e-01
 6.97396046e-01 3.54134908e-01 2.35403268e-01 7.05867119e-01
 2.42394846e-01 1.08225566e-01 8.71116680e-01 6.45259588e-01
 5.94193785e-02 1.97619344e-01 6.93956533e-01 7.85482330e-01
 9.42726996e-01 6.98511280e-01 9.76981032e-01 8.99834483e-01
 6.67927318e-01 8.71378526e-01 4.64863904e-01 3.36709716e-02
 4.47643062e-01 9.46295398e-01 2.72572976e-01 5.38844478e-01
 7.38013127e-01 7.43847404e-01 8.01547680e-01 6.41646903e-01
 9.44606885e-01 8.57689230e-01 6.18220861e-01 4.54351919e-01
 2.22016404e-01 9.44213827e-02 5.49247634e-01 5.36546758e-01
 3.53614649e-01 4.96428074e-01 5.07298967e-01 4.76342810e-01
 5.08935124e-01 3.94134234e-01 6.12267140e-01 6.02277354e-01
 9.20016830e-01 6.00595605e-01 3.30924705e-01 3.80100847e-01
 5.07986462e-01 4.53195347e-01 2.97380018e-01 5.91499226e-01
 6.56203322e-01 7.38077739e-01 4.92254097e-01 8.96518821e-01
 7.77919085e-01 7.99212791e-01 3.69759551e-03 3.27241312e-01
 8.25933436e-01 8.71206130e-01 9.04769974e-01 7.92760798e-01
 3.96155781e-01 6.84911135e-01 5.98814792e-01 5.13830161e-02
 2.84946438e-01 5.18259461e-01 8.73574073e-01 8.67192423e-01
 3.94451852e-01 3.44828857e-01 3.66951309e-01 8.35596199e-01
 5.54478942e-01 5.83159080e-01 4.82889325e-01 9.29702412e-01
 8.07746672e-01 5.04239856e-01 6.25541991e-01 7.98198582e-01
 4.66645524e-01 2.70570040e-01 3.55261345e-01 2.88412584e-01
 2.21432862e-01 1.54571296e-01 8.53065647e-01 2.89668993e-01
 7.61995683e-01 9.07866359e-01 9.88032511e-01 9.71168321e-01
 7.01877516e-01 7.85442150e-01 8.71581441e-01 4.45481226e-02
 5.17707402e-01 8.89451779e-01 1.88096103e-01 9.99201082e-01
 1.61322917e-01 8.68713262e-01 2.74003732e-01 1.01865240e-01
 8.90968653e-01 4.59803484e-01 6.01564725e-01 9.48733135e-01
 4.96362480e-01 5.33910894e-01 8.97833616e-01 9.72477803e-01
 1.47825826e-01 6.15769793e-01 5.61030816e-01 6.71828504e-01
 5.13773026e-01 2.55926149e-01 4.64381206e-01 5.51551212e-01
 7.54832225e-01 5.37369184e-01 8.88676791e-01 1.69926069e-01
 1.88178540e-02 2.32429997e-01 3.47747618e-01 3.93331054e-01
 7.95054422e-01 8.32086812e-01 3.73775861e-01 7.10752897e-01
 6.38559728e-01 8.29971567e-02 1.24547339e-01 9.99817207e-01
 8.69293976e-01 7.22576821e-01 6.04997488e-01 8.30250522e-01
 7.34375844e-01 3.13798549e-01 8.43892844e-01 3.20384694e-01
 4.39583612e-01 6.80450811e-01 3.09645829e-01 1.58167414e-01
 7.75539711e-01 4.27462525e-01 5.36234362e-01 4.43291427e-01
 8.01383306e-01 6.65255343e-01 8.96821005e-01 8.17784589e-01
 2.58124743e-02 5.16173552e-01 7.77880938e-01 4.50841947e-01
 8.24293785e-01 4.67872425e-01 3.75642188e-01 3.58467081e-01
 4.54797318e-01 2.76319146e-01 1.15065037e-01 4.26526849e-01
 9.64161204e-01 5.24092435e-01 6.64564556e-01 8.94709850e-01
 3.15383688e-01 3.00327300e-01 7.48147084e-01 1.24354375e-01
 1.51766063e-01 9.04311335e-01 5.13438791e-01 2.65945711e-01
 7.90216121e-01 4.23778571e-01 8.43295552e-01 5.58463365e-01
 5.20009779e-01 4.48775273e-01 8.67724946e-01 2.80455891e-01
 2.23932140e-02 4.39139744e-01 4.61890280e-01 3.19702978e-01
 8.11109876e-01 7.18043380e-02 1.31085429e-01 1.73650956e-02
 6.68817436e-01 3.50819836e-01 6.41614796e-01 2.68972531e-01
 1.52319156e-01 5.63055036e-01 2.42005612e-01 3.59087837e-01
 7.48083936e-01 6.08694745e-02 2.39140623e-01 5.93632677e-01
 8.59815369e-01 4.87616824e-01 8.89457530e-01 7.24498561e-01
 9.35041810e-01 8.31718739e-01 4.85753286e-01 7.06823244e-01
 1.37198631e-03 6.24034237e-01 7.02409548e-01 9.90372270e-01
 3.12223865e-01 5.10409113e-01 1.08413774e-01 4.85864576e-01
 5.72464871e-01 5.48729230e-01 1.42123188e-01 4.92186372e-01
 1.36239163e-01 5.07319502e-01 8.37939176e-01 1.89994402e-01
 8.73620142e-01 3.66117750e-02 4.84684471e-01 6.66236830e-01
 9.72609857e-01 5.66904913e-01 4.31751482e-01 1.89959441e-01
 7.72057885e-01 9.35535139e-01 8.16829247e-01 6.97233070e-02
 9.56476258e-02 1.51155229e-01 6.28473047e-01 8.97586233e-01
 7.13045534e-01 1.33355614e-01 5.19331949e-01 8.13735246e-01
 4.85223549e-01 8.27047787e-01 6.13295451e-01 8.16726592e-01
 4.19595847e-01 2.04152391e-02 5.05507336e-01 7.53177852e-01
 9.76964036e-01 1.78301027e-02 3.37911406e-02 3.86594484e-02
 5.38668546e-01 1.79443350e-01 9.05230064e-01 4.89786392e-01
 7.38425965e-01 3.23575648e-01 5.36682466e-01 9.34302704e-01]

X_aleatório_inicial:
[0.41948575369960606, 0.9691137723029182, 0.5081158165134654, 0.8379251006406438, 0.48486672951040133, 0.9044216184526417, 0.2657714176221512, 0.8895292858645467, 0.43981406233167863, 0.1293916054108316, 0.11118520435727763, 0.2616733368329379, 0.40608091564437687, 0.9124594865101351, 0.7113071594399173, 0.27492806318188934, 0.41932125403158116, 0.6589009792835023, 0.25196724127979386, 0.1496092169103469, 0.18221164865590977, 0.4644497153835374, 0.10147650085297466, 0.8311740152543337, 0.276827487867902, 0.42920338633908595, 0.4293755300527069, 0.6071770640592824, 0.3529033831892109, 0.9910920107536216, 0.7879852773336639, 0.7895353321329626, 0.8566230823376394, 0.9258710156116714, 0.11680655531371587, 0.7181614093449398, 0.23753390711560451, 0.12193142005167612, 0.0700397227091003, 0.9612820903279239, 0.9248377244643311, 0.6628142224617436, 0.03412690262546725, 0.7050041992322139, 0.3898273099588636, 0.5696795417599819, 0.7662932927744748, 0.9337036921244103, 0.7245888678485691, 0.9572000786847646, 0.4431981363909627, 0.9776287542299439, 0.42986532043966674, 0.8386004230887061, 0.6050774240141852, 0.13686724080000046, 0.8533921340047398, 0.3835900240883956, 0.36924983075239914, 0.6859616855695653, 0.18765453577236335, 0.48351959476698925, 0.31899613488270395, 0.22666298721971323, 0.641893399164036, 0.47342834088525076, 0.9544264045000828, 0.5461167397943116, 0.22759549233265908, 0.5693315435965693, 0.5163961304077703, 0.3179382437081617, 0.05808765882696798, 0.6784431065912767, 0.2443616540969198, 0.4952428910382388, 0.4137410065466882, 0.6792843649568685, 0.16528334335047534, 0.46620407850471546, 0.20236538566149487, 0.14982764417802752, 0.5572485542031763, 0.12533529449901282, 0.9349416707799952, 0.44828500671875926, 0.2922222912986979, 0.5338022290101994, 0.06885237947365652, 0.34263231129122973, 0.512893442168748, 0.40674788281420926, 0.682069811163599, 0.323746432048719, 0.7319471612444575, 0.40333665309727484, 0.6300999622962747, 0.8585662011554472, 0.23375232851743466, 0.7690315019877678, 0.8065215182112044, 0.432832860133477, 0.5864059307175156, 0.5493046124447775, 0.7316300960530706, 0.15400932148134006, 0.5747151985293024, 0.3373624719234294, 0.1735694786062666, 0.5757063476972959, 0.9026210342969057, 0.3090367454011439, 0.8882486558641569, 0.19326417887673764, 0.6309548520674148, 0.7770665261988985, 0.7352805652162938, 0.562877466527419, 0.8047592866437538, 0.5133035671399963, 0.3784884782986191, 0.04884270721025208, 0.8986071070126943, 0.43930568441431606, 0.6996603235882047, 0.19188408109852373, 0.2602551037601325, 0.40398262754290226, 0.6453222087797279, 0.771360624764536, 0.10852081374724509, 0.7491594568441644, 0.21598929819140678, 0.20963364824859054, 0.29084479434966837, 0.8189922627349783, 0.7947086262340433, 0.6244508173610718, 0.8701224949931559, 0.4814142168207797, 0.022476971918370614, 0.08382859778230012, 0.8615616768578727, 0.31758599182189495, 0.8727296682716287, 0.8020490595079398, 0.5290098823505847, 0.5559821066479759, 0.4246852429361272, 0.7270892485902879, 0.944028176914891, 0.10598740434820764, 0.7306131372932079, 0.9387289863467785, 0.40073754305183507, 0.5664686100643048, 0.3916861307179944, 0.5896509444658985, 0.8236451610098529, 0.23438422156103356, 0.8552761303821412, 0.9314935669085508, 0.37124333040248636, 0.0324936776835586, 0.3849030265226988, 0.906142556309186, 0.9165188572976546, 0.5832111515052739, 0.2522561269012089, 0.9921034395405824, 0.2965782518529483, 0.3427271682425075, 0.5722611644391602, 0.3176816802153061, 0.03584208232789754, 0.4922112481738393, 0.7251717582777766, 0.9054216948333901, 0.323976301419177, 0.650827885584951, 0.9216550143769028, 0.7318931625889411, 0.9836762609416808, 0.36363430440120803, 0.9431165938058867, 0.290518073270873, 0.44489454655421146, 0.6549545169460681, 0.5437327075856241, 0.8347941961204886, 0.5347406580347125, 0.23125370941786816, 0.6090891636276357, 0.3214863095475746, 0.7951669856023715, 0.6480389299494175, 0.8136899306310311, 0.9328449301047483, 0.0510448950476311, 0.8747258614861798, 0.8548560156513738, 0.20944641089131155, 0.7039470165999363, 0.8906719190793115, 0.07801296333803898, 0.8450547282610859, 0.5682221256538066, 0.16074040251466248, 0.3708482147188775, 0.39982671096111433, 0.5213922281458451, 0.8495999480811236, 0.9791943824260098, 0.16644082121250114, 0.5473306273203012, 0.5542442436432805, 0.30692977647642783, 0.8476198376281814, 0.7491285696005877, 0.6176124298043775, 0.5589326824159827, 0.23835464136053564, 0.005519669837223851, 0.8918894680192814, 0.705250127678413, 0.31179566452508056, 0.8882912775776896, 0.6146867532899714, 0.8917163881058013, 0.13674637836089076, 0.9689675153126963, 0.8911407353082418, 0.4567092616676717, 0.33130769511028657, 0.8274963339259331, 0.3700106748077935, 0.33048653241178205, 0.7637219601690635, 0.8376879307754422, 0.10067272407407768, 0.29482568635367945, 0.9297985157372303, 0.5065943996342915, 0.5352422110058734, 0.36400579636770347, 0.34910289029964836, 0.5933545585668479, 0.6805698777322944, 0.3635311122408772, 0.5752602505337112, 0.886340571495867, 0.30017962656964625, 0.9019629058060072, 0.9625989824897861, 0.10486449531302322, 0.9787804024872184, 0.27001456270968205, 0.09184169866653036, 0.5497601368172117, 0.3291457553742667, 0.4768699371317978, 0.35544066925448436, 0.44140507612148605, 0.27215801978909937, 0.12053466187187822, 0.05223128669820254, 0.3177606694266142, 0.2299870920940409, 0.2343407596044671, 0.7023160602360067, 0.65081946427186, 0.009224372739447206, 0.8618293600126974, 0.5362903736434664, 0.808254144705255, 0.9700303548339424, 0.15415113308139372, 0.25668020424448945, 0.560737319309929, 0.8090944709611446, 0.24634780407344636, 0.11930260660013181, 0.9979672799821168, 0.34614807805277026, 0.9844604629893134, 0.2704799850348092, 0.21981909875419092, 0.0805048650102459, 0.5090116598618312, 0.024962004930546233, 0.09074534925518485, 0.9422597717916966, 0.09421551818135876, 0.9125143434473842, 0.41066387441908725, 0.5605426064781983, 0.5982671199073287, 0.8932944683326769, 0.0888114958792049, 0.18906646656825132, 0.09649769181487922, 0.9540118189881063, 0.6551002103670344, 0.4764640437326412, 0.14011268400274957, 0.5945899974072105, 0.05313352794557602, 0.41885886109839976, 0.7502354711073486, 0.2843658093645324, 0.15651929151414878, 0.6661307025572543, 0.6189162666488918, 0.34341881036811417, 0.43935708523007355, 0.6468985014437234, 0.21147214960529404, 0.32182043707255903, 0.1233302498752279, 0.6520357852911378, 0.9574115016656023, 0.3007136224310677, 0.5381063410637317, 0.6516540061506467, 0.3385069944108119, 0.8694683338735273, 0.19626754453370032, 0.9943196779918139, 0.5447039167437332, 0.30704468062569035, 0.41259728723067834, 0.24280078909637082, 0.6526310618022687, 0.3987430413753369, 0.8066985273005842, 0.1424199987162874, 0.3913045655157348, 0.913979435377454, 0.2049288619821369, 0.5388698495534311, 0.4917199623075357, 0.04017204608686775, 0.9164565828361347, 0.17910889961737353, 0.662032932713214, 0.7628273095964606, 0.3443574165681993, 0.012180779481054338, 0.7805166564888211, 0.6506761410069408, 0.5787245041521949, 0.19849400859115507, 0.8375892496054784, 0.8397818932664973, 0.6403945978265485, 0.5453419487000839, 0.9446475170170792, 0.580112226382988, 0.19612304102450906, 0.8899411323096711, 0.3998900764464475, 0.8155192359058596, 0.00017966975774086347, 0.1064418145458339, 0.08473309566837528, 0.02042354568438831, 0.4915966830503231, 0.7826757085270373, 0.3371803673256929, 0.3052473957469094, 0.7856419278145238, 0.5488197930040791, 0.568022071771699, 0.03689838431290171, 0.7274667764511595, 0.8538102624038509, 0.5905474814994547, 0.9589121486308042, 0.94028319078439, 0.8494418883003707, 0.78474105193349, 0.1969971637625516, 0.4612419640060573, 0.5826935771821747, 0.6327911355659824, 0.26534614245070176, 0.7670002544313327, 0.7808480037402877, 0.009573405890296094, 0.061872778480695834, 0.07314900468383223, 0.7664843467477849, 0.275577229013359, 0.7440666629290085, 0.5792148709655022, 0.5441494773006457, 0.7139732913263499, 0.5601675402634992, 0.8231055322972664, 0.36976871227246166, 0.7352014731393139, 0.22499885146636223, 0.20807724898042645, 0.559410321406246, 0.11379182981360858, 0.6109174037589508, 0.12258228619854561, 0.9119590150175081, 0.7983697677817677, 0.41500984378707384, 0.8621544150063802, 0.9094854229292098, 0.7524489640763886, 0.493253039394959, 0.6343581476798902, 0.8954744971759638, 0.33388828471790166, 0.5196113653314065, 0.1480107256427703, 0.30799437302914345, 0.5927871263290484, 0.07587486667409749, 0.2642420555782532, 0.5315899978729604, 0.6205295427973132, 0.35735937874608614, 0.33225625988334273, 0.5229089238591338, 0.3378833490583498, 0.3453551506218224, 0.7700137579274983, 0.4102327331122523, 0.2863390480471458, 0.5686704120988222, 0.7573898360589368, 0.775001186260721, 0.4432990071210998, 0.9636539134757794, 0.6219278268103823, 0.925827126273814, 0.790309768605017, 0.4631839959236218, 0.4239711812255522, 0.7519885992837329, 0.15834622877994742, 0.7059811870379852, 0.6822886013624486, 0.057608018404623706, 0.567845582645534, 0.9156732479165606, 0.7395649318472489, 0.49900687988299086, 0.24646838123588533, 0.5907754291231722, 0.21212572456135526, 0.417898151430135, 0.9224584359594636, 0.1323371296311575, 0.6448386611382164, 0.09048174898631978, 0.7800795094973967, 0.1892829108860562, 0.31631790739415133, 0.7753354798634045, 0.9809491898891771, 0.5433073794609999, 0.8276839916795734, 0.07837940019879996, 0.48164121366743473, 0.3489970205598204, 0.8552829922192496, 0.9441519845465333, 0.27487535616496495, 0.09108916174419424, 0.7379566659313508, 0.5944679604854377, 0.20375912804839647, 0.6103014889977639, 0.434739677035192, 0.5785900262876639, 0.619220637477922, 0.4344748756382958, 0.5694535228541543, 0.7744523576971553, 0.29971887373907236, 0.4472155045083871, 0.21463904004345702, 0.2540135732595671, 0.4015720667217322, 0.004342906496147658, 0.8155329680072847, 0.5564076298697931, 0.5503142671905008, 0.40997509380048003, 0.7700105054069389, 0.9738997259347418, 0.6740363619803968, 0.24523706537249113, 0.23096471047346345, 0.2905138894614462, 0.18951178071034958, 0.9236077461106851, 0.09175860321968732, 0.7046451645185763, 0.3909384784424623, 0.638974454149908, 0.17675320349314083, 0.9064202554723074, 0.42784899217184746, 0.14825014644357437, 0.7144606033868404, 0.6793215284051484, 0.7862743899545223, 0.5198051053773693, 0.2198225351319033, 0.33958038356525266, 0.5902154722658464, 0.3834138033418343, 0.09390491134890422, 0.753384175715361, 0.6468203840671123, 0.4716162987019372, 0.6244553796317573, 0.46284726881234073, 0.39718162419415237, 0.387562956835956, 0.5124613643160344, 0.7406904097141335, 0.1795857590231703, 0.9993400923756397, 0.535930989077475, 0.5207738776304742, 0.6241902056181294, 0.8448026975672588, 0.15988661521663017, 0.2278273557403574, 0.13352109516487298, 0.5557554064637021, 0.41690792652190756, 0.4147210300518239, 0.4463715261342984, 0.1836886320875134, 0.06977602861077226, 0.017022469508536475, 0.8303680470121486, 0.03676891035401875, 0.1297765696701998, 0.17297504935356123, 0.04014917150323716, 0.6622267452862158, 0.9558022313401455, 0.42202475109167026, 0.5742931337532822, 0.3692946361975432, 0.5041949452419264, 0.844202583406878, 0.046003573034559486, 0.48858928638758814, 0.5275728854766429, 0.3134993427093421, 0.7187807185241585, 0.2167696748742447, 0.9501720569748682, 0.21842306237873843, 0.9555319170200764, 0.5116421774103339, 0.3535760855246929, 0.8315716693860494, 0.9313980785992343, 0.5131296874126158, 0.542363664583904, 0.015178529765271231, 0.8758053766016497, 0.8015323115873227, 0.2907622777138208, 0.21301689253995693, 0.29948952766803494, 0.05105431597140209, 0.26641221281300387, 0.2968952069398507, 0.5176913322560632, 0.019801760238295385, 0.10520419518241475, 0.23456650147324887, 0.29729632760668967, 0.266024139110138, 0.872805356679406, 0.8085691390310612, 0.5811630784043554, 0.18555345379737032, 0.23579292414997577, 0.4518090806627846, 0.005144781619486949, 0.7972036209195197, 0.5895413222287508, 0.8749042767609991, 0.4356712724775733, 0.6168038440876387, 0.27610298961160307, 0.48744156073861855, 0.6163817616331487, 0.03137264662571715, 0.16548358513308548, 0.9069046274941648, 0.5601183938954197, 0.8776130486839694, 0.48236858887750267, 0.3888301375694345, 0.46439659402465405, 0.7512697095834637, 0.09450965098740083, 0.09168592559858058, 0.4949756084181913, 0.8627213693013489, 0.29848661048022007, 0.8723530858284909, 0.577978022892337, 0.7565826750257155, 0.08541424066905778, 0.5041305519582859, 0.3399037533705547, 0.7472411335364532, 0.5499983168943434, 0.8473727124657463, 0.6973960460020614, 0.3541349078136039, 0.23540326781759113, 0.7058671186050441, 0.24239484562610147, 0.10822556646193204, 0.8711166797815334, 0.6452595882749844, 0.05941937850334389, 0.19761934378634083, 0.6939565328022073, 0.7854823304757258, 0.9427269959590132, 0.6985112798008568, 0.9769810321448478, 0.8998344829040986, 0.6679273184885813, 0.8713785263659108, 0.4648639040880357, 0.03367097157605525, 0.44764306195110837, 0.9462953975820367, 0.27257297610961384, 0.5388444784352687, 0.7380131272540704, 0.7438474037982846, 0.8015476796221253, 0.641646903177096, 0.9446068852513191, 0.8576892295826477, 0.6182208606343768, 0.45435191892956495, 0.22201640351807372, 0.09442138274004641, 0.5492476339195529, 0.5365467580469783, 0.3536146492064066, 0.4964280742159335, 0.5072989674812354, 0.47634281037090065, 0.5089351240385129, 0.3941342339496088, 0.6122671401152062, 0.6022773543355163, 0.9200168303741372, 0.6005956052345369, 0.3309247051707329, 0.3801008472082662, 0.5079864616883085, 0.4531953472829965, 0.29738001788672774, 0.5914992259825763, 0.6562033222286181, 0.7380777386652857, 0.4922540966950637, 0.896518821192958, 0.7779190849905223, 0.7992127905237243, 0.0036975955119173953, 0.32724131209935736, 0.8259334364431253, 0.8712061302578367, 0.9047699742331764, 0.7927607976795207, 0.39615578077535163, 0.6849111348696363, 0.5988147924934387, 0.05138301611291496, 0.28494643756587357, 0.5182594606319291, 0.873574072743004, 0.8671924234671786, 0.3944518515527228, 0.3448288572184075, 0.3669513093007307, 0.8355961993695289, 0.5544789423436807, 0.5831590797215619, 0.48288932545377683, 0.9297024119311528, 0.8077466717505412, 0.5042398557680755, 0.6255419905822159, 0.7981985824026393, 0.4666455235370558, 0.27057004002997187, 0.35526134467075043, 0.2884125842052281, 0.2214328618422141, 0.15457129571573192, 0.853065647213028, 0.2896689926812728, 0.7619956825960285, 0.9078663585558849, 0.9880325113281889, 0.9711683206015796, 0.701877515989724, 0.7854421503463722, 0.8715814407819025, 0.04454812258485252, 0.5177074020140372, 0.8894517794485065, 0.1880961025273571, 0.9992010822473457, 0.1613229165090767, 0.8687132617681534, 0.2740037315090085, 0.10186523997491514, 0.8909686531830401, 0.4598034843436798, 0.6015647251496357, 0.948733135477749, 0.4963624798276526, 0.5339108939296282, 0.8978336155409983, 0.9724778032846823, 0.14782582597361327, 0.6157697933949371, 0.5610308163197132, 0.67182850380315, 0.51377302613302, 0.25592614858614826, 0.46438120608471556, 0.5515512120189975, 0.7548322245951626, 0.5373691836529022, 0.8886767910420437, 0.1699260685007986, 0.018817853956429986, 0.232429997114051, 0.34774761838434454, 0.3933310538745721, 0.7950544222006183, 0.8320868118356317, 0.3737758612231312, 0.7107528966677338, 0.6385597284965981, 0.08299715669035546, 0.12454733897630443, 0.9998172072652696, 0.8692939764660853, 0.7225768210177244, 0.6049974881794258, 0.8302505223201658, 0.7343758438490515, 0.3137985490222731, 0.8438928444188805, 0.3203846941303654, 0.43958361164646864, 0.6804508106446536, 0.30964582934842955, 0.1581674144670323, 0.7755397114254733, 0.42746252533398654, 0.5362343622722296, 0.4432914269680023, 0.8013833055952947, 0.6652553429324498, 0.8968210052137047, 0.8177845885573346, 0.02581247432113798, 0.5161735516532668, 0.7778809379750061, 0.45084194718837567, 0.8242937850067217, 0.4678724246888657, 0.37564218806260485, 0.3584670811173145, 0.4547973179786329, 0.27631914647900013, 0.11506503673218327, 0.42652684870598556, 0.9641612042017896, 0.5240924347571211, 0.6645645564567456, 0.8947098499512169, 0.31538368764230784, 0.30032729988318985, 0.748147083999509, 0.12435437493565604, 0.15176606336166132, 0.9043113349061684, 0.5134387913799262, 0.26594571124549515, 0.7902161211583525, 0.4237785710813051, 0.8432955521862777, 0.5584633654004209, 0.5200097788994238, 0.4487752730592407, 0.867724945836531, 0.28045589118775716, 0.022393213957228375, 0.43913974376627674, 0.46189028017731093, 0.3197029782164559, 0.8111098763980519, 0.07180433797435681, 0.13108542855472216, 0.017365095600380687, 0.6688174356023562, 0.3508198363286046, 0.6416147963289288, 0.26897253080981864, 0.1523191559334619, 0.5630550355620286, 0.24200561195135417, 0.35908783685549583, 0.7480839359578046, 0.06086947454824554, 0.2391406225853473, 0.5936326771873404, 0.859815369247184, 0.4876168240594476, 0.8894575304785155, 0.7244985611472923, 0.935041810170373, 0.8317187389333959, 0.4857532863451899, 0.7068232443409255, 0.0013719863127534815, 0.6240342369995436, 0.7024095475100042, 0.9903722700910019, 0.3122238650049195, 0.5104091133322904, 0.10841377397660223, 0.4858645755640174, 0.572464871000154, 0.5487292303715586, 0.1421231878652809, 0.492186371509705, 0.13623916338992192, 0.5073195019356755, 0.8379391759314684, 0.18999440161003212, 0.8736201416404834, 0.0366117750142364, 0.4846844711787083, 0.6662368303413619, 0.9726098568516627, 0.5669049131573967, 0.4317514817721606, 0.18995944062921388, 0.7720578853367522, 0.9355351388549636, 0.8168292469414401, 0.06972330703131768, 0.09564762579989616, 0.15115522896575873, 0.6284730473965494, 0.8975862334120511, 0.7130455336547222, 0.13335561410588304, 0.5193319490583931, 0.8137352459687633, 0.4852235485999222, 0.8270477870632053, 0.6132954505858565, 0.8167265918264446, 0.4195958466567258, 0.020415239093009685, 0.5055073361612041, 0.7531778520153913, 0.9769640362368036, 0.01783010266660423, 0.03379114063756972, 0.03865944843062763, 0.5386685458961193, 0.17944335024249192, 0.9052300636762971, 0.48978639162006554, 0.7384259650067478, 0.32357564750119117, 0.5366824656364169, 0.9343027044102638]

Erro da solução (|Ax - b|): 3.5241379753066033e-14
Erro (|Ax - b|)/|b| 4.871616135479632e-16
Erro no vetor x: 1.4205921324243894e-14

Tempo de execução: 0.06507635116577148
