Solução x:
[0.0969352  0.49151327 0.47776867 0.5144119  0.8299871  0.98305739
 0.8664236  0.7813175  0.66149133 0.04921295 0.67687996 0.78149503
 0.64152857 0.19960646 0.65407071 0.04163852 0.7941908  0.04025796
 0.91947727 0.68617066 0.84374944 0.33705718 0.47111805 0.08988502
 0.09351879 0.5483516  0.29315264 0.61497311 0.78476938 0.25062857
 0.33560984 0.69746345 0.89994495 0.32695119 0.28756188 0.71957998
 0.06649088 0.81005376 0.44541972 0.1539663  0.91204074 0.88071181
 0.84535846 0.17769779 0.67178549 0.15361114 0.91319074 0.18167671
 0.01503641 0.50250421 0.71826724 0.85034398 0.27567884 0.62022093
 0.50617912 0.67668669 0.33457669 0.25265073 0.96734319 0.22881566
 0.39042829 0.03712034 0.40591167 0.82726488 0.46270705 0.25021787
 0.84606191 0.14547708 0.5683215  0.22462838 0.32913292 0.60186258
 0.57350522 0.65236799 0.94772922 0.87558481 0.33617501 0.09511696
 0.58358976 0.26527173 0.52837158 0.88623807 0.73091985 0.64727666
 0.34843339 0.00222977 0.36029321 0.86882691 0.27689615 0.52973711
 0.22580988 0.00798338 0.8076266  0.77386462 0.76268926 0.86792725
 0.95536228 0.57348237 0.11257847 0.3961035  0.92289346 0.70343034
 0.50849359 0.0207363  0.49954448 0.68461591 0.28778459 0.09360096
 0.05620279 0.24970773 0.08280321 0.643856   0.25188558 0.76836557
 0.01694609 0.85135193 0.789771   0.80725101 0.75993666 0.77645321
 0.68802529 0.68958411 0.24184535 0.37712357 0.48888026 0.15565475
 0.34807724 0.5500406  0.78232827 0.72909568 0.67041603 0.55443442
 0.67135587 0.29784263 0.16318727 0.23889792 0.79740695 0.39288346
 0.84085163 0.11558695 0.98538684 0.47110252 0.58039266 0.5242225
 0.0390869  0.8505313  0.2395693  0.14352914 0.97467012 0.75946899
 0.40295153 0.98831171 0.19271248 0.46301992 0.01035958 0.072092
 0.74941053 0.50372046 0.53541015 0.00879814 0.25723596 0.99801249
 0.34711125 0.9616292  0.6015859  0.17887082 0.91334773 0.17234174
 0.09260166 0.21021245 0.378183   0.8197316  0.52357329 0.67238322
 0.59302272 0.20842945 0.59687484 0.48051719 0.82436553 0.62899844
 0.42988053 0.65174748 0.98708731 0.33718497 0.81008534 0.97235737
 0.86839836 0.74425879 0.32093726 0.24679325 0.19028719 0.79472581
 0.53974585 0.61767592 0.62562986 0.26761137 0.9101254  0.01264698
 0.56182698 0.20298711 0.42102243 0.94885381 0.77610768 0.26171513
 0.02418394 0.56225072 0.6072022  0.43114477 0.08653481 0.00170702
 0.33297712 0.77441273 0.81260329 0.06331731 0.6843541  0.67265422
 0.37157632 0.70141713 0.66343634 0.64911784 0.52553277 0.40878328
 0.23631914 0.09195509 0.67398477 0.70146717 0.11364922 0.09619072
 0.90352624 0.58460115 0.29977022 0.64226499 0.22943885 0.88041282
 0.65621433 0.17200569 0.24904023 0.87815351 0.33553877 0.17596506
 0.96647678 0.20711117 0.43422062 0.8497455  0.06541965 0.48640103
 0.68886732 0.34122344 0.93782637 0.38902292 0.22152621 0.85234632
 0.44584349 0.10920793 0.94023397 0.4473406  0.59725667 0.74117107
 0.85317331 0.52146168 0.14204178 0.5291014  0.63073673 0.57426053
 0.56865266 0.17067668 0.64134912 0.19525116 0.51909846 0.91946351
 0.02955156 0.7738827  0.94497065 0.19556597 0.3575937  0.93386655
 0.19591018 0.21430345 0.53011558 0.43577537 0.22780112 0.44712198
 0.18306819 0.40127115 0.62846828 0.43854518 0.76324333 0.36711506
 0.80577531 0.29353076 0.49620093 0.7609943  0.74843367 0.44166371
 0.01005654 0.21387305 0.57027038 0.80158473 0.06513362 0.4078762
 0.78024633 0.98407088 0.598545   0.96588448 0.48144758 0.32930534
 0.22552485 0.38228513 0.15709698 0.07210162 0.9149587  0.30208194
 0.13272657 0.14824132 0.42801235 0.975573   0.70030103 0.99068816
 0.15908669 0.32276305 0.68356193 0.40997466 0.07144304 0.52989786
 0.78163219 0.06813489 0.62686939 0.59052064 0.18590229 0.96233645
 0.9226632  0.53744873 0.33795734 0.01024854 0.50884796 0.91127809
 0.84712883 0.29654751 0.62410133 0.52444743 0.01183584 0.76548648
 0.87294665 0.94489119 0.79455766 0.64452394 0.92454795 0.91064262
 0.19675148 0.4035947  0.34233273 0.09112143 0.98863028 0.28781692
 0.18134715 0.88415643 0.27953754 0.18423999 0.78229111 0.95843126
 0.97851535 0.03264539 0.38646015 0.95527634 0.31846098 0.43808934
 0.27042165 0.13414939 0.17512505 0.48313358 0.66870621 0.75901273
 0.97506164 0.10581391 0.82523842 0.07170107 0.65411765 0.2404183
 0.61164832 0.37717006 0.94884439 0.97455917 0.55834986 0.43862722
 0.33198077 0.70463834 0.77172963 0.28308042 0.16484512 0.74120471
 0.65894483 0.72657784 0.64023951 0.15027557 0.18928239 0.2912821
 0.05982888 0.43621515 0.866245   0.21587318 0.8567611  0.82420027
 0.01111981 0.19742026 0.09388446 0.47996115 0.4126956  0.06844477
 0.51423527 0.21038761 0.52619299 0.31835164 0.77600693 0.38375731
 0.0654541  0.29929967 0.57819269 0.55968175 0.43832464 0.13250234
 0.95970164 0.74768997 0.42553529 0.72232707 0.73338088 0.68492466
 0.01897723 0.56586491 0.70451072 0.94103785 0.6220708  0.39374606
 0.29064809 0.11462937 0.52437567 0.10139103 0.96133478 0.39832512
 0.62783438 0.52912931 0.49660579 0.6403724  0.1555659  0.79222881
 0.58735539 0.92178905 0.51429278 0.95016993 0.67632407 0.89431411
 0.34015589 0.69325621 0.26779032 0.07901029 0.22377926 0.63513756
 0.47480614 0.401583   0.40095664 0.79147774 0.4319578  0.85790871
 0.44121552 0.85871363 0.2203147  0.05942056 0.76305949 0.59632882
 0.2273406  0.20145627 0.48980711 0.16003716 0.38456354 0.63436236
 0.12444166 0.70159518 0.26814532 0.33431573 0.80993296 0.18475856
 0.8471969  0.10952065 0.50786418 0.42208203 0.63466843 0.59330228
 0.64368077 0.26353508 0.11866074 0.49593683 0.67413114 0.99759452
 0.23770304 0.41105216 0.2185035  0.53563992 0.66558296 0.02751067
 0.70548185 0.28998954 0.57196729 0.23820401 0.98057251 0.48062797
 0.49736923 0.363116   0.16626669 0.23060258 0.97081412 0.12702416
 0.03221099 0.94007004 0.07451162 0.51940547 0.51515419 0.11318516
 0.32584638 0.06466885 0.9882131  0.68139858 0.65764758 0.99571591
 0.00467292 0.10093953 0.11725498 0.02390722 0.86802264 0.46492989
 0.28768362 0.17625871 0.06029298 0.83650064 0.52209393 0.29714849
 0.52449463 0.14645303 0.16684    0.64296838 0.02498453 0.34642226
 0.35823454 0.54944041 0.00965295 0.3678031  0.10934058 0.41145322
 0.24863498 0.34745319 0.59733909 0.09978335 0.77786203 0.79229428
 0.32938459 0.20766232 0.85690615 0.00934732 0.78462221 0.13416299
 0.97446723 0.64580904 0.6341668  0.32625593 0.61691884 0.54606076
 0.20515159 0.9200184  0.77038577 0.31920951 0.13189606 0.42072739
 0.17957792 0.16265183 0.49319481 0.17429036 0.40764433 0.96165086
 0.60006104 0.39637784 0.08018175 0.02872235 0.5717975  0.98833281
 0.67065001 0.56205314 0.61034458 0.1006868  0.20764134 0.896911
 0.34254312 0.94584074 0.89709295 0.68914263 0.98220318 0.20092366
 0.35534256 0.64102743 0.77711277 0.31360411 0.63125593 0.18785612
 0.32418479 0.50440732 0.38885961 0.61179194 0.12850217 0.5112536
 0.73870451 0.77431672 0.02441668 0.36133485 0.23641048 0.79042218
 0.4912718  0.20880417 0.30627208 0.26978712 0.17380402 0.26948605
 0.49211662 0.03649889 0.20613806 0.28976288 0.18729789 0.43898139
 0.0399662  0.26514204 0.79342337 0.09998064 0.12914711 0.31725343
 0.50265506 0.08062892 0.00756071 0.43288385 0.90667217 0.82750951
 0.5036405  0.00440099 0.62277421 0.62234731 0.30234081 0.17247216
 0.08436294 0.11747211 0.87628984 0.2859052  0.79724093 0.95709952
 0.47872308 0.74127993 0.73357561 0.81132825 0.47152771 0.3710989
 0.90100072 0.52209669 0.41158982 0.79741907 0.49660971 0.40461134
 0.64661138 0.8932748  0.6395024  0.13156539 0.5732784  0.2346113
 0.65498996 0.64017692 0.57700641 0.29629549 0.38629778 0.31584352
 0.52937052 0.71985149 0.35808756 0.53143999 0.74808408 0.94037885
 0.7671966  0.91542412 0.1556124  0.38046504 0.36988879 0.91584034
 0.85050187 0.6632322  0.10969672 0.95789427 0.480858   0.0582008
 0.08540563 0.32853962 0.13502732 0.70940447 0.77334117 0.36912084
 0.1083391  0.34712495 0.30084141 0.78765669 0.39029729 0.16110099
 0.28581217 0.91990346 0.6020357  0.38022688 0.31659146 0.38310584
 0.98404509 0.07632499 0.86239593 0.06519636 0.0688771  0.28780934
 0.63858255 0.37210287 0.52750673 0.44004173 0.98017988 0.88850434
 0.204243   0.88249243 0.29116504 0.33558102 0.42012299 0.76687299
 0.55109807 0.19410784 0.88512665 0.61428595 0.38214479 0.03301625
 0.18165732 0.84941415 0.65206596 0.50561807 0.588072   0.02491805
 0.57131549 0.8673784  0.82509378 0.42554576 0.58937661 0.29801103
 0.87838657 0.57358455 0.75627728 0.14740318 0.54294314 0.19564843
 0.06955991 0.30584779 0.54960588 0.50516878 0.38305661 0.75151005
 0.83599463 0.40814148 0.33387177 0.86945914 0.12723392 0.30411047
 0.45739334 0.20646326 0.87504328 0.49257306 0.23637214 0.3098476
 0.61007608 0.56452072 0.99902214 0.66966149 0.65095073 0.09806824
 0.20018789 0.89959419 0.22116371 0.84605966 0.30072844 0.51231674
 0.46301921 0.03647487 0.79812712 0.67952532 0.45820189 0.95656783
 0.34188541 0.3116969  0.43475379 0.96910308 0.95475856 0.19212261
 0.94091845 0.41584451 0.5460958  0.80221376 0.00871827 0.18058094
 0.83902884 0.33522658 0.91126593 0.96408281 0.91115194 0.95631225
 0.64456626 0.82273978 0.87981931 0.45141382 0.84800587 0.3717847
 0.61218349 0.1785853  0.15447613 0.19285383 0.40373788 0.48246926
 0.41110093 0.52382563 0.26331096 0.43414688 0.73773856 0.260324
 0.52883023 0.3249393  0.4239749  0.53330645 0.53524033 0.07205933
 0.44198032 0.05261119 0.16120804 0.92359759 0.03690147 0.72943162
 0.60208423 0.06180326 0.68020871 0.68260481 0.3663633  0.85694831
 0.20771715 0.85976214 0.0201068  0.32423767 0.62653936 0.03024783
 0.62350612 0.49340037 0.2779951  0.81412775 0.68757253 0.20799558
 0.50219622 0.28304373 0.09360195 0.94039564 0.79663226 0.98977158
 0.42740135 0.65939503 0.29166877 0.04772015 0.04627284 0.20651945
 0.46088016 0.59007213 0.33272525 0.97365716 0.19735814 0.64113237
 0.92602952 0.61024109 0.96725443 0.30344762 0.08740693 0.67766703
 0.36535498 0.55997086 0.01073028 0.69841938 0.14996737 0.28500946
 0.75018821 0.797012   0.37081177 0.96199536 0.21240113 0.92762442
 0.67698522 0.82150258 0.58277898 0.72008868 0.30944499 0.82920852
 0.7744775  0.20527258 0.48553744 0.7307552  0.54918086 0.91035972]

X_aleatório_inicial:
[0.09693520206010653, 0.4915132749750718, 0.47776867203278406, 0.5144119020482915, 0.8299871032247207, 0.9830573862198717, 0.866423596772876, 0.7813175021140442, 0.6614913323769565, 0.049212950976647796, 0.6768799638011496, 0.7814950278513484, 0.6415285718882915, 0.19960645736468785, 0.6540707107615669, 0.04163852232588727, 0.7941907980765098, 0.04025796087832323, 0.9194772735264042, 0.6861706596048993, 0.8437494359160793, 0.337057179292798, 0.47111805022913367, 0.08988502058776426, 0.093518793441009, 0.5483515985982699, 0.29315264323614776, 0.6149731109523012, 0.7847693807326531, 0.2506285687008343, 0.33560983654631005, 0.697463448928797, 0.8999449489285383, 0.326951191542454, 0.28756188160393026, 0.719579981038671, 0.0664908759965912, 0.8100537638105497, 0.4454197154496241, 0.15396630207472717, 0.9120407430087459, 0.880711814160847, 0.8453584643113138, 0.1776977896336971, 0.6717854878661464, 0.15361114191748826, 0.9131907404361264, 0.18167671230070082, 0.015036414057996828, 0.5025042083756268, 0.7182672409338832, 0.8503439765789618, 0.27567883579621955, 0.6202209334411889, 0.5061791200994522, 0.6766866886360678, 0.33457668911783867, 0.25265072715515424, 0.9673431875352841, 0.22881565675685445, 0.3904282898480387, 0.03712033671978909, 0.40591166660446865, 0.8272648768216094, 0.4627070452628438, 0.250217868379779, 0.8460619095215343, 0.14547708093603728, 0.5683215030812655, 0.22462838206582103, 0.32913292482231926, 0.6018625791161875, 0.5735052194147215, 0.6523679934543707, 0.9477292216747081, 0.8755848120936127, 0.33617501420070706, 0.09511696034224604, 0.5835897555352152, 0.2652717333116975, 0.5283715841804619, 0.8862380741260635, 0.7309198461554597, 0.6472766571506315, 0.34843338959741044, 0.002229773988970729, 0.3602932110657441, 0.8688269059813044, 0.27689614960150377, 0.5297371100279304, 0.2258098787213142, 0.007983377055365781, 0.8076266038691804, 0.7738646223345785, 0.7626892648855262, 0.8679272501900144, 0.9553622781358214, 0.5734823742963034, 0.112578473276704, 0.396103500108005, 0.9228934611045786, 0.703430339011948, 0.5084935947706981, 0.02073630248412983, 0.4995444763663416, 0.6846159134899301, 0.28778459162573566, 0.09360096291713083, 0.05620278737280415, 0.24970773327964535, 0.08280320799043184, 0.6438559964320211, 0.251885581702862, 0.7683655732970294, 0.016946087407289867, 0.8513519335017941, 0.7897709987043958, 0.807251007054562, 0.7599366612918094, 0.7764532140233312, 0.6880252869996129, 0.6895841082646612, 0.2418453457930556, 0.37712356526839774, 0.4888802563944351, 0.15565475406579232, 0.3480772370021651, 0.5500405994535635, 0.7823282674650418, 0.7290956824464705, 0.6704160322133782, 0.5544344208025965, 0.6713558673112322, 0.2978426323533726, 0.16318726691138885, 0.23889791784989833, 0.7974069544620599, 0.3928834646614151, 0.8408516337926973, 0.11558695180193046, 0.9853868386965652, 0.471102521037132, 0.5803926644171437, 0.524222501893771, 0.039086903121037686, 0.8505313034382694, 0.23956929645297176, 0.14352914190211497, 0.9746701249767861, 0.7594689911177817, 0.40295152641294396, 0.9883117143424391, 0.19271247879032716, 0.46301992486578436, 0.01035957579333835, 0.07209200027347407, 0.7494105323921316, 0.5037204574729823, 0.5354101495545833, 0.008798135310634447, 0.2572359607885606, 0.9980124863360145, 0.34711124968371665, 0.9616291974833305, 0.6015859031800107, 0.17887082169588486, 0.9133477324429173, 0.17234174233679167, 0.092601663967398, 0.21021244750678836, 0.37818299792522825, 0.8197315961820002, 0.5235732881062736, 0.6723832206141479, 0.5930227183766259, 0.20842945499588417, 0.5968748386082005, 0.4805171858524907, 0.8243655335189041, 0.6289984396311904, 0.42988052520771713, 0.6517474768964461, 0.9870873136499342, 0.3371849701093068, 0.8100853353832006, 0.9723573677230831, 0.8683983566176211, 0.7442587854372518, 0.3209372639183987, 0.24679324841585715, 0.19028719102450153, 0.7947258118261354, 0.5397458488297868, 0.6176759241639439, 0.6256298605245955, 0.2676113738000373, 0.9101253953048157, 0.01264697873871834, 0.5618269847163628, 0.20298711059594698, 0.42102243024839725, 0.9488538080380147, 0.7761076794477936, 0.26171513338343955, 0.02418393648890349, 0.5622507245175765, 0.6072021951682299, 0.4311447720575151, 0.08653480703269367, 0.0017070162668313404, 0.3329771163032057, 0.7744127322629373, 0.8126032928473773, 0.06331730588399276, 0.6843540973467249, 0.6726542158204818, 0.3715763175306679, 0.7014171262042771, 0.6634363394076425, 0.6491178362802722, 0.5255327749126043, 0.40878328145861853, 0.2363191374777348, 0.09195509262922708, 0.6739847723568121, 0.7014671666741987, 0.11364921520264082, 0.09619072042267651, 0.9035262350293298, 0.5846011493906899, 0.2997702201607334, 0.6422649890824229, 0.22943884688754423, 0.8804128196211335, 0.6562143306197556, 0.17200569060201887, 0.24904022735460918, 0.878153508328232, 0.33553877478853456, 0.17596505758339598, 0.9664767784769679, 0.20711117017128433, 0.4342206220164868, 0.8497454971868867, 0.06541965496274105, 0.48640103469965434, 0.6888673215422242, 0.34122344357132195, 0.9378263696441419, 0.38902292231231905, 0.22152620525643318, 0.8523463188040032, 0.4458434928184628, 0.1092079302703014, 0.9402339722231544, 0.44734060366863915, 0.5972566671179491, 0.7411710651309178, 0.8531733082682599, 0.5214616814758718, 0.14204178393406242, 0.5291014006990531, 0.6307367323004539, 0.5742605324567116, 0.5686526555252305, 0.17067667953108512, 0.6413491176563095, 0.19525116233793427, 0.5190984596363469, 0.9194635127045155, 0.029551558539645972, 0.7738827035119752, 0.9449706456624286, 0.19556596831266948, 0.3575937047073028, 0.933866547556713, 0.19591018289528528, 0.21430344918504696, 0.5301155769552328, 0.4357753654182377, 0.22780112221695048, 0.44712197506914475, 0.18306819120583773, 0.40127114755516924, 0.6284682756545409, 0.4385451798237182, 0.7632433279412497, 0.36711505660697963, 0.805775308320919, 0.29353076068939266, 0.4962009313922845, 0.7609942956313515, 0.7484336699531372, 0.4416637069481678, 0.010056543594077594, 0.21387305066650453, 0.5702703801402352, 0.8015847255568093, 0.06513362126243594, 0.40787619847737444, 0.78024632991267, 0.9840708815675365, 0.5985450006384689, 0.9658844750011255, 0.481447579329612, 0.32930534224646923, 0.22552485456274485, 0.3822851298456834, 0.1570969777125245, 0.07210161922587166, 0.9149586972361354, 0.30208193899916846, 0.13272656559725615, 0.14824131749158898, 0.42801234540665556, 0.9755730029936843, 0.7003010258695165, 0.9906881601281148, 0.15908668964919281, 0.3227630453022923, 0.683561928986079, 0.4099746599763263, 0.07144304325194639, 0.5298978560602202, 0.7816321928301538, 0.06813489012503493, 0.6268693926307612, 0.5905206400574347, 0.1859022875653662, 0.9623364459999961, 0.9226631957805811, 0.5374487327944184, 0.33795734241391495, 0.010248544650659275, 0.50884795828895, 0.9112780888811576, 0.8471288337116122, 0.2965475131417181, 0.624101331593506, 0.5244474300372985, 0.011835841438021077, 0.7654864760444686, 0.8729466465453256, 0.9448911946143075, 0.794557662265575, 0.6445239401143827, 0.9245479502230254, 0.9106426248886076, 0.19675148462557568, 0.4035947002880069, 0.34233272607305176, 0.09112143431664521, 0.9886302830104621, 0.2878169219456135, 0.18134714941874908, 0.8841564322644658, 0.27953754333688186, 0.18423999157664506, 0.7822911098838855, 0.9584312623852318, 0.9785153516770487, 0.032645392848278165, 0.3864601528008309, 0.9552763373191873, 0.31846098250849963, 0.438089336467516, 0.2704216496352774, 0.13414938899490403, 0.17512505052938931, 0.48313358091431324, 0.6687062068774507, 0.7590127317022696, 0.9750616421279534, 0.1058139102925667, 0.8252384248083084, 0.07170107108840318, 0.6541176473281303, 0.2404183029051976, 0.6116483155741267, 0.37717006119164453, 0.9488443940823184, 0.9745591683474876, 0.5583498573247232, 0.4386272156174552, 0.331980765161495, 0.7046383435557737, 0.7717296308226101, 0.2830804204028188, 0.1648451203992941, 0.7412047056945834, 0.6589448327633011, 0.72657784041523, 0.6402395105681877, 0.15027556976634637, 0.18928239429361882, 0.29128209811246586, 0.05982888282576537, 0.43621515318675463, 0.8662449994796485, 0.21587317887917, 0.8567610976999451, 0.824200271450488, 0.011119810578131384, 0.19742026393365664, 0.09388445682992064, 0.47996115396343886, 0.41269560416554685, 0.0684447679508755, 0.5142352659097348, 0.21038761073417034, 0.5261929855839521, 0.3183516389934178, 0.7760069274759398, 0.38375731224476595, 0.06545410350323189, 0.2992996669721597, 0.5781926941393286, 0.5596817467891191, 0.4383246411084233, 0.13250234151882623, 0.9597016381973823, 0.7476899724139398, 0.425535292689157, 0.7223270686476392, 0.7333808848920668, 0.6849246634500952, 0.01897723059863976, 0.5658649082845639, 0.7045107182614694, 0.9410378469989151, 0.6220707991719094, 0.39374605573802424, 0.29064808756806093, 0.11462936924508083, 0.5243756668739926, 0.10139103152900297, 0.9613347758946638, 0.3983251187911415, 0.6278343781009288, 0.5291293066679693, 0.49660579019550655, 0.6403724003541175, 0.1555659035507907, 0.7922288135988867, 0.5873553889117601, 0.9217890533332043, 0.5142927753181148, 0.9501699287168182, 0.6763240744828618, 0.8943141084044308, 0.34015589015926984, 0.6932562071827714, 0.2677903218478669, 0.07901029109722535, 0.2237792563274582, 0.6351375551785425, 0.47480614240262553, 0.40158300437689254, 0.40095663512072377, 0.7914777384526565, 0.43195779747916885, 0.8579087075678529, 0.44121552425121113, 0.8587136271845474, 0.22031469878555066, 0.05942056263058548, 0.7630594941900213, 0.596328815790932, 0.22734059994196998, 0.2014562694107609, 0.4898071126811848, 0.16003715744496683, 0.3845635426840498, 0.6343623632789132, 0.12444165553581876, 0.7015951804963942, 0.2681453193332286, 0.33431573414974036, 0.8099329589370547, 0.18475855905781124, 0.8471968988487384, 0.1095206492138796, 0.5078641782150405, 0.42208202706780773, 0.6346684282305495, 0.593302279714161, 0.6436807701966696, 0.2635350836745146, 0.11866073937895893, 0.4959368330093249, 0.6741311421029574, 0.9975945158015607, 0.23770304019557276, 0.41105216236809916, 0.218503499610203, 0.5356399151981226, 0.6655829604232718, 0.027510666121572047, 0.7054818546205595, 0.2899895358481057, 0.5719672867278308, 0.23820400543657205, 0.9805725123248817, 0.48062797101079635, 0.49736922781309323, 0.36311599970835295, 0.1662666865532365, 0.23060257584838406, 0.9708141210742778, 0.12702415961650404, 0.0322109886228209, 0.9400700431373233, 0.07451161868405476, 0.5194054664908263, 0.5151541863904773, 0.11318516387186361, 0.3258463844999817, 0.0646688498666319, 0.9882131028884003, 0.6813985819046866, 0.6576475794617677, 0.9957159123761228, 0.004672920212430265, 0.10093953391093702, 0.11725497708693267, 0.023907222598288924, 0.8680226357671181, 0.4649298858713382, 0.2876836168514034, 0.17625870618168837, 0.06029298078003553, 0.8365006374483525, 0.5220939273462992, 0.29714849302654933, 0.5244946280148424, 0.146453028672746, 0.16683999547602668, 0.6429683805447288, 0.024984525848833483, 0.34642225936071813, 0.3582345403959446, 0.5494404132720978, 0.00965294587113863, 0.367803102636887, 0.1093405842708336, 0.4114532155773756, 0.24863497563065262, 0.34745319357240523, 0.5973390911214257, 0.09978334701003377, 0.7778620264466014, 0.7922942847801955, 0.32938458694431483, 0.20766232417409458, 0.8569061464490532, 0.009347319929223219, 0.784622206517697, 0.13416298728844955, 0.9744672280182011, 0.6458090441605606, 0.634166804446034, 0.32625592726135044, 0.6169188379433661, 0.5460607559202786, 0.20515158906746545, 0.9200183988456758, 0.7703857728343063, 0.3192095086443152, 0.13189605884122801, 0.4207273925426085, 0.17957792251531246, 0.16265182670877143, 0.49319481232243845, 0.17429036442901147, 0.40764433196837946, 0.9616508616068072, 0.6000610440108162, 0.39637783508370394, 0.08018174997458705, 0.02872235206286977, 0.5717975008561075, 0.9883328149535532, 0.6706500057378062, 0.5620531381947528, 0.6103445807234871, 0.10068679891726184, 0.20764133630418258, 0.8969110042136955, 0.34254311679194127, 0.945840737094707, 0.8970929520811627, 0.6891426280820351, 0.9822031755634744, 0.20092365725551187, 0.3553425575633914, 0.641027431010251, 0.77711276695924, 0.3136041137000378, 0.6312559340351862, 0.18785612135608132, 0.32418478504673276, 0.5044073174894393, 0.388859611853862, 0.6117919424120343, 0.12850217476380277, 0.5112536004765684, 0.7387045136686279, 0.7743167228867389, 0.024416677456132185, 0.3613348474224377, 0.2364104819023135, 0.7904221783816895, 0.4912717957204811, 0.20880417011396868, 0.3062720813093799, 0.26978712334029364, 0.1738040218209248, 0.26948605226709776, 0.4921166177313684, 0.03649889119979244, 0.20613806388763645, 0.28976288318480026, 0.1872978859108715, 0.43898138879741677, 0.039966204908567615, 0.2651420424499289, 0.7934233700603656, 0.09998064443495625, 0.12914710581725808, 0.317253426742948, 0.5026550592674667, 0.08062892292991852, 0.007560706729949462, 0.4328838498262201, 0.9066721737730258, 0.8275095089099423, 0.5036405000812327, 0.004400993096235539, 0.6227742087032135, 0.6223473137106905, 0.30234080657737705, 0.17247215913593006, 0.08436294052817639, 0.11747211281279935, 0.8762898385587004, 0.28590520208899095, 0.7972409297251992, 0.9570995157976607, 0.4787230754128826, 0.7412799288026591, 0.7335756121669388, 0.8113282463366791, 0.47152770760740625, 0.3710988964957682, 0.9010007173317857, 0.5220966869853652, 0.41158981921710447, 0.7974190664256632, 0.496609711844346, 0.40461134380614305, 0.646611380954642, 0.8932748003875375, 0.6395024007803871, 0.13156539247441446, 0.5732783984826589, 0.23461130458512014, 0.6549899550858772, 0.6401769193008521, 0.5770064088066998, 0.29629548913712633, 0.386297776946554, 0.3158435226368964, 0.5293705242830716, 0.7198514937429266, 0.35808755502342615, 0.5314399928309069, 0.7480840802441813, 0.9403788532247972, 0.7671965987741761, 0.9154241224048228, 0.15561240139503585, 0.38046504348139365, 0.3698887909917393, 0.9158403400547667, 0.8505018678861292, 0.6632321954646233, 0.10969672409555953, 0.9578942718614619, 0.4808580035097354, 0.05820080165971875, 0.08540563332082751, 0.32853962238742973, 0.1350273166428454, 0.7094044723462295, 0.773341174911225, 0.36912083712854116, 0.10833909670120945, 0.3471249450835786, 0.30084141438690937, 0.787656691988951, 0.39029729221487597, 0.16110098885586377, 0.28581217188426966, 0.9199034584417695, 0.6020357044267997, 0.3802268815489279, 0.31659146356751044, 0.38310583560421274, 0.9840450864712297, 0.07632498628287088, 0.8623959336746895, 0.0651963593558027, 0.06887709917244689, 0.28780933998757063, 0.638582549671821, 0.3721028733785635, 0.5275067290293399, 0.4400417287876093, 0.9801798754481941, 0.8885043446438026, 0.20424300271927442, 0.8824924280217753, 0.29116504228668727, 0.33558101971861687, 0.42012298923094815, 0.7668729913690752, 0.5510980705744893, 0.19410783609829363, 0.8851266485700376, 0.6142859511869642, 0.38214478800297147, 0.03301624827370897, 0.1816573239107383, 0.849414154098017, 0.6520659590344718, 0.5056180748536095, 0.5880719995252095, 0.024918052015876713, 0.5713154928196765, 0.8673783985371851, 0.8250937799533499, 0.42554575912916726, 0.5893766060401573, 0.29801102763833476, 0.8783865719143359, 0.5735845539371948, 0.756277278502517, 0.14740317538946413, 0.5429431404603837, 0.1956484331307755, 0.0695599135448578, 0.3058477859105255, 0.5496058843303567, 0.5051687797113247, 0.3830566126767443, 0.7515100487847838, 0.835994631154376, 0.40814147965807257, 0.33387176649707917, 0.8694591361705848, 0.12723391915428917, 0.30411047055109885, 0.45739334178183955, 0.20646326341854637, 0.8750432782984945, 0.4925730627593412, 0.23637213541554547, 0.30984760011915113, 0.6100760774872082, 0.564520717210236, 0.9990221429592993, 0.6696614921008245, 0.6509507338383772, 0.0980682358808197, 0.2001878916506754, 0.8995941875532185, 0.2211637114052858, 0.8460596640323913, 0.3007284433938755, 0.5123167430251453, 0.46301920508886185, 0.03647487057670995, 0.7981271202085574, 0.6795253197747747, 0.4582018888954895, 0.9565678262499628, 0.3418854066746526, 0.3116968995252829, 0.43475378727957403, 0.969103075029227, 0.9547585616421879, 0.19212261395256292, 0.9409184459801838, 0.4158445131155213, 0.5460958023709225, 0.8022137648012747, 0.00871826622874683, 0.18058094418681503, 0.8390288364272942, 0.3352265817236513, 0.911265934295035, 0.9640828085113602, 0.9111519405731073, 0.956312245774343, 0.6445662640794095, 0.8227397784847418, 0.8798193136561391, 0.45141382369295757, 0.8480058743712481, 0.3717846989224115, 0.6121834896287155, 0.17858530028637964, 0.1544761267985113, 0.192853828909487, 0.40373788421303514, 0.48246925876841673, 0.41110092618082994, 0.5238256270373625, 0.26331095652467396, 0.434146876994045, 0.737738560733862, 0.2603239960719661, 0.5288302264164306, 0.3249392996958509, 0.4239749035412457, 0.5333064536074248, 0.535240326091868, 0.07205933214695392, 0.44198032137668086, 0.05261119013140092, 0.16120804214569473, 0.923597593839127, 0.03690147311487557, 0.729431622650801, 0.6020842347075278, 0.06180326016789495, 0.680208708001301, 0.682604807262728, 0.3663633049437812, 0.8569483128704828, 0.20771715165404725, 0.8597621389805782, 0.020106800588278073, 0.32423766562256473, 0.6265393633245215, 0.030247834282404074, 0.6235061181502582, 0.4934003673518119, 0.2779951045313246, 0.814127746647626, 0.6875725277341137, 0.20799558422403042, 0.5021962203705702, 0.2830437263080109, 0.09360195244685554, 0.9403956361041255, 0.7966322631491022, 0.9897715808738135, 0.4274013529742746, 0.6593950334881884, 0.29166876620099136, 0.04772014632776089, 0.04627284413083055, 0.20651945086983337, 0.460880163122253, 0.5900721296721418, 0.33272525491892957, 0.9736571617019493, 0.19735813899821675, 0.6411323719954305, 0.9260295183850025, 0.6102410924580249, 0.9672544305383071, 0.30344762335210773, 0.08740692896060853, 0.6776670289352097, 0.3653549825238187, 0.5599708561555109, 0.010730277355083029, 0.6984193845402442, 0.14996737229562096, 0.285009461179321, 0.7501882116444658, 0.7970120003918785, 0.3708117728734531, 0.9619953559183134, 0.21240113262320237, 0.9276244228059112, 0.6769852248056547, 0.8215025788978142, 0.5827789827975035, 0.7200886821719636, 0.30944498535708354, 0.8292085247184885, 0.7744775042757187, 0.2052725772836821, 0.4855374415986713, 0.7307551974824572, 0.5491808630222946, 0.9103597169131982]

Erro da solução (|Ax - b|): 3.281900819950604e-14
Erro no vetor x: 8.515241756146897e-15

Tempo de execução: 0.3512439727783203
