Solução x:
[0.73566732 0.68992647 0.48558835 0.92875013 0.83366876 0.38344925
 0.42749899 0.69023664 0.46009136 0.95937879 0.17398332 0.96669475
 0.85755137 0.30267399 0.6230679  0.19019509 0.63165897 0.01194948
 0.11993481 0.77249777 0.00422867 0.42995285 0.91923145 0.07008558
 0.63640026 0.02692105 0.94534538 0.39076091 0.62044172 0.08637003
 0.294297   0.35792423 0.07294835 0.7326902  0.22940432 0.90295238
 0.04426354 0.20348733 0.88699964 0.14501554 0.70684391 0.87291016
 0.17945817 0.54540259 0.71837004 0.68158103 0.9088657  0.85868335]

X_aleatório_inicial:
[0.7356673184048859, 0.6899264724536286, 0.4855883540225159, 0.9287501328597796, 0.8336687584539298, 0.3834492536544387, 0.42749898501473105, 0.690236639515291, 0.4600913632248459, 0.9593787884378284, 0.17398331535732525, 0.9666947474322495, 0.8575513745800175, 0.3026739872522656, 0.6230679037199928, 0.19019509048146233, 0.6316589665367602, 0.011949478921052914, 0.11993480704038362, 0.7724977727022908, 0.004228666392766756, 0.4299528508532634, 0.919231451089186, 0.07008557768444446, 0.6364002600709993, 0.026921048828295602, 0.9453453761929845, 0.3907609115666071, 0.6204417177352932, 0.08637002845133979, 0.29429699629163597, 0.3579242254920264, 0.0729483504897902, 0.7326901952297608, 0.2294043193123907, 0.9029523846589279, 0.044263539777070426, 0.20348733209857717, 0.8869996350987909, 0.14501553965573044, 0.7068439133729842, 0.8729101618189149, 0.17945817476347126, 0.5454025919623198, 0.718370039883024, 0.6815810270218122, 0.9088656958965926, 0.8586833525048873]

Erro da solução (|Ax - b|): 1.8669481919362508e-06
Erro (|Ax - b|)/|b| 2.97363979538503e-16
Erro no vetor x: 4.4743209102647275e-11

Tempo de execução: 0.022486448287963867
