Matriz não é simétrica positiva definida

Solução x:
[1, 1, 1, 1, 1, 1, 1, 1, 1, 1, 1, 1, 1, 1, 1, 1, 1, 1, 1, 1, 1, 1, 1, 1, 1, 1, 1, 1, 1, 1, 1, 1, 1, 1, 1, 1, 1, 1, 1, 1, 1, 1, 1, 1, 1, 1, 1, 1, 1, 1, 1, 1, 1, 1, 1, 1, 1, 1, 1, 1, 1, 1, 1, 1, 1, 1, 1, 1, 1, 1, 1, 1, 1, 1, 1, 1, 1, 1, 1, 1, 1, 1, 1, 1, 1, 1, 1, 1, 1, 1, 1, 1, 1, 1, 1, 1, 1, 1, 1, 1, 1, 1, 1, 1, 1, 1, 1, 1, 1, 1, 1, 1, 1, 1, 1, 1, 1, 1, 1, 1, 1, 1, 1, 1, 1, 1, 1, 1, 1, 1, 1, 1, 1, 1, 1, 1, 1, 1, 1, 1, 1, 1, 1, 1, 1, 1, 1, 1, 1, 1, 1, 1, 1, 1, 1, 1, 1, 1, 1, 1, 1, 1, 1, 1, 1, 1, 1, 1, 1, 1, 1, 1, 1, 1, 1, 1, 1, 1, 1, 1, 1, 1, 1, 1, 1, 1, 1, 1, 1, 1, 1, 1, 1, 1, 1, 1, 1, 1, 1, 1, 1, 1, 1, 1, 1, 1, 1, 1, 1, 1, 1, 1, 1, 1, 1, 1, 1, 1, 1, 1, 1, 1, 1, 1, 1, 1, 1, 1, 1, 1, 1, 1, 1, 1, 1, 1, 1, 1, 1, 1, 1, 1, 1, 1, 1, 1, 1, 1, 1, 1, 1, 1, 1, 1, 1, 1, 1, 1, 1, 1, 1, 1, 1, 1, 1, 1, 1, 1, 1, 1, 1, 1, 1, 1, 1, 1, 1, 1, 1, 1, 1, 1, 1, 1, 1, 1, 1, 1, 1, 1, 1, 1, 1, 1, 1, 1, 1, 1, 1, 1, 1, 1, 1, 1, 1, 1, 1, 1, 1, 1, 1, 1, 1, 1, 1, 1, 1, 1, 1, 1, 1, 1, 1, 1, 1, 1, 1, 1, 1, 1, 1, 1, 1, 1, 1, 1, 1, 1, 1, 1, 1, 1, 1, 1, 1, 1, 1, 1, 1, 1, 1, 1, 1, 1, 1, 1, 1, 1, 1, 1, 1, 1, 1, 1, 1, 1, 1, 1, 1, 1, 1, 1, 1, 1, 1, 1, 1, 1, 1, 1, 1, 1, 1, 1, 1, 1, 1, 1, 1, 1, 1, 1, 1, 1, 1, 1, 1, 1, 1, 1, 1, 1, 1, 1, 1, 1, 1, 1, 1, 1, 1, 1, 1, 1, 1, 1, 1, 1, 1, 1, 1, 1, 1, 1, 1, 1, 1, 1, 1, 1, 1, 1, 1, 1, 1, 1, 1, 1, 1, 1, 1, 1, 1, 1, 1, 1, 1, 1, 1, 1, 1, 1, 1, 1, 1, 1, 1, 1, 1, 1, 1, 1, 1, 1, 1, 1, 1, 1, 1, 1, 1, 1, 1, 1, 1, 1, 1, 1, 1, 1, 1, 1, 1, 1, 1, 1, 1, 1, 1, 1, 1, 1, 1, 1, 1, 1, 1, 1, 1, 1]

X_aleatório_inicial:
[0.22212629803425754, 0.3550132593959038, 0.6933263127545465, 0.5882455354336474, 0.10476238814541394, 0.8397331414683874, 0.12768671751360794, 0.7745748163696162, 0.9713491621522838, 0.5731273545214426, 0.8777387344335615, 0.9410431109328468, 0.18381207093686458, 0.7430016112169989, 0.7552542356583892, 0.17871473352805467, 0.46361828521607107, 0.7409417634077298, 0.33193933836571154, 0.4921594873024764, 0.08086082883213475, 0.8370806466116963, 0.5415939723548848, 0.44396702702173696, 0.9869755786802862, 0.803784109744762, 0.25458603001759095, 0.8367124193488478, 0.7856198928473537, 0.6132488756006524, 0.7742297640199403, 0.34414387917365674, 0.06576900245543582, 0.2925364404434293, 0.25311223233407, 0.586772947286786, 0.7523252711376506, 0.9409365614955537, 0.42784122610305153, 0.3139033850765214, 0.2871275334536847, 0.24263554618598304, 0.6216080539323154, 0.8270031736807967, 0.32794647320248627, 0.8211277374306722, 0.6046966874007546, 0.3131643409042799, 0.9102105848490888, 0.011999271338447137, 0.901208685507288, 0.5317867504298813, 0.8208895518803662, 0.2919255349853165, 0.005132671271138589, 0.5945961170522296, 0.3125114853970945, 0.9841086097114183, 0.26019052206610194, 0.8913317638110776, 0.9957934382671131, 0.7639795492586269, 0.4743743512941192, 0.14336439447067473, 0.77936453701741, 0.8370437232410853, 0.8789532499492099, 0.29772560810494997, 0.4311451317371263, 0.983909712723728, 0.7959853134092303, 0.9295299317765268, 0.48215492731342313, 0.14777262315361384, 0.16663961317541343, 0.4952617989600139, 0.34029683946450673, 0.9213032760971673, 0.5424321505246384, 0.7981007723798402, 0.021693329918758164, 0.48102701618777266, 0.63553071317003, 0.638888365132339, 0.41565800743357506, 0.14836610008389128, 0.7455225813028061, 0.737405990559724, 0.9350172183239611, 0.04050255821529636, 0.0731857118550111, 0.5335285630871917, 0.4929728765861827, 0.3891029322108652, 0.3554833709151589, 0.32870873723444793, 0.9686883705577004, 0.1723556832310259, 0.4370936953216057, 0.8820379259152304, 0.1204340648688409, 0.9992731592417872, 0.7442325050257871, 0.551492773917407, 0.5671165128654214, 0.3953321402919614, 0.7096051936439035, 0.036817670029677285, 0.33920769576702126, 0.7617852534373597, 0.8671674885123494, 0.09662772525135932, 0.8929233179055134, 0.76538962028313, 0.9166260131773605, 0.6057061485167007, 0.4467730414588824, 0.8258634195591583, 0.11042109415101964, 0.3074685229228228, 0.8898977650454986, 0.3602790349770788, 0.5090403401585643, 0.17708482068275366, 0.6577770085474454, 0.1465857042616011, 0.5239764365571814, 0.6694405922540939, 0.8416785201085184, 0.7058359550156561, 0.9906862785485941, 0.3947537932093492, 0.8007938603574377, 0.6764866931422416, 0.059271149172629545, 0.34648698181280346, 0.5636043821874763, 0.5439505719738467, 0.7679673569916458, 0.3527620789461907, 0.9479743056453636, 0.5141724040231349, 0.2697898313734074, 0.7932600253717187, 0.017184401524113824, 0.8589969581113941, 0.5302836317695387, 0.26839569886654613, 0.1828844872079849, 0.7507446898200988, 0.5748289627444778, 0.04286624266071448, 0.2976520888731333, 0.8743198331524433, 0.4865937195883465, 0.5617451418079428, 0.2211627794573453, 0.42579802825938706, 0.8007531702800087, 0.9523295761640811, 0.9914208687117797, 0.5217459407770478, 0.013593944197572427, 0.5940946642303776, 0.14100067515261028, 0.7562042968272379, 0.7892228040468584, 0.15290569968097756, 0.8974311925823627, 0.47577014900746817, 0.5942183619700363, 0.21905139820526998, 0.5140869815732556, 0.5243790013827734, 0.9904700684817381, 0.16477417296424446, 0.8096205534299705, 0.40978984475493696, 0.9798586325390678, 0.23346711493357164, 0.5120496571494574, 0.5834419359947638, 0.5813174725064588, 0.8800508531151826, 0.5716047294074922, 0.26120875290653045, 0.10232096722738848, 0.3040972770592306, 0.49026712036979314, 0.3159647907257901, 0.35965797780309994, 0.3912994188476552, 0.7565039476032945, 0.8614091947752331, 0.25287269945262514, 0.006521666133236348, 0.3624260661378841, 0.12577417549493786, 0.2103635045745239, 0.16881504429257344, 0.6519971364017567, 0.7644445711282223, 0.6773779775413115, 0.28446525534247435, 0.2174138096234448, 0.639661202496341, 0.8654973886695502, 0.3812058784790525, 0.9895276270923619, 0.023566510916889993, 0.9118718489558383, 0.4106791236628815, 0.14537107797439808, 0.7562188546313059, 0.019938164903616773, 0.21407211280901917, 0.33440864393230674, 0.4185964072819569, 0.8606749149594156, 0.18669714361877354, 0.632451412691723, 0.8788779917426568, 0.5450031340412457, 0.7805557544525371, 0.766536861754142, 0.5080417744025083, 0.33209252343892415, 0.785598939275152, 0.9762583291602988, 0.9028635538511236, 0.08770561558596734, 0.7962963802297479, 0.38006201972101106, 0.05542320015589286, 0.19658573289445902, 0.02715346025481613, 0.7992244017503732, 0.19114970369370077, 0.6024048059587728, 0.75574231023227, 0.6315080825112849, 0.3836721929649384, 0.39460179583449695, 0.06873350188508354, 0.5576906542465411, 0.7934634886227171, 0.6301969417037966, 0.7072299107765991, 0.23167381043803315, 0.9547980301651626, 0.11777668437618105, 0.536606721723688, 0.938035850031379, 0.17118586835092953, 0.663704451956054, 0.5111003867412891, 0.7073207343795537, 0.847036503802884, 0.7976921346817398, 0.288431694229772, 0.2103286707544949, 0.36232149289743787, 0.699605599461207, 0.8184833029276047, 0.7335648202742939, 0.21335298836805183, 0.7457910078101733, 0.9911654267462463, 0.4690834800497228, 0.7316661601014295, 0.5374654141266543, 0.1436587224871907, 0.3434606088115565, 0.30189620058013267, 0.3487729353051099, 0.7726416049652016, 0.8914741265235743, 0.040271688515779336, 0.21493663448133515, 0.9534618780168316, 0.4959051760708084, 0.2666991540201853, 0.33615011128554473, 0.7557724918010951, 0.5195874831782902, 0.6142622215942848, 0.37712222044447985, 0.4543171687386608, 0.9829868623098174, 0.07454088807347758, 0.7493994142257311, 0.9879170500272602, 0.0182406976275018, 0.7106045619555605, 0.7764963980194988, 0.9166169191874404, 0.08379363130333806, 0.47887511483923206, 0.11864213811267965, 0.6064603520758144, 0.7191315316597406, 0.0638690600040489, 0.8166850799507737, 0.8665495272459727, 0.7371266644023781, 0.2099302060823991, 0.6380981075145974, 0.8371596237911463, 0.12575896200752634, 0.7423784308455834, 0.21982309999566707, 0.35241031309863713, 0.6789572459298974, 0.5969416381247142, 0.09065628679021409, 0.9022721985853726, 0.4582855976015565, 0.02762659383027255, 0.1566251799640177, 0.2908553133285061, 0.10450535654329396, 0.4740971089518221, 0.8438042801316414, 0.533160760734176, 0.24353877056072437, 0.28893278772292696, 0.8826894866871815, 0.16149618484883843, 0.8949740874232763, 0.7727609543717231, 0.8680628676526809, 0.6076849525089003, 0.6164815232938626, 0.3984400069859043, 0.06791895952211957, 0.38733331078489674, 0.4444560206794952, 0.6716847565547402, 0.4360370143975598, 0.4763393012606104, 0.5161347388109974, 0.6035354937072437, 0.07519726189833809, 0.47425170324139587, 0.8672642948488716, 0.8435120743061478, 0.18019036677142286, 0.7880279306303939, 0.7267989732907395, 0.7397900169562667, 0.26631059163195614, 0.8159565857882146, 0.8565405094960149, 0.5173843819235103, 0.8660940928139519, 0.22463421741596312, 0.9490880749259908, 0.9649004045907507, 0.6503874222226063, 0.8670335270834088, 0.2475870137701608, 0.06403318676072156, 0.2518976485270572, 0.3899449030768607, 0.530819736796692, 0.13410271165017917, 0.3700587572329862, 0.7691400216856715, 0.3120758259641254, 0.9829603785319454, 0.9178252528693391, 0.046270776338656616, 0.33655701908006064, 0.3546685797330946, 0.350938582781967, 0.6989938365649899, 0.7485567509386337, 0.5159453703811919, 0.18224692230661865, 0.35066514056269893, 0.553745195129021, 0.008764774765775196, 0.05085857581490094, 0.6138747141631679, 0.03692726759264675, 0.7170831120337566, 0.3728112469544803, 0.5318180550071973, 0.30919812100016564, 0.7912666251831129, 0.5054565901921405, 0.17728446528109, 0.8416111705324348, 0.8541993590512923, 0.903094096406045, 0.43007123918475776, 0.9383056426479892, 0.5890706247354309, 0.21820141172520136, 0.9250450161098944, 0.1418142455007545, 0.0013474524334766702, 0.6420087537523015, 0.4898988019046344, 0.41497203438193486, 0.1353582738590361, 0.22226609650202467, 0.5594088530318614, 0.4909964573368195, 0.41681794224654933, 0.7222018934344483, 0.7160935818610167, 0.8507898830623816, 0.8762973450257219, 0.33887245740105465, 0.9240715175463071, 0.3346622843230901, 0.23467625124428348, 0.19896938064400016, 0.6709199761242908, 0.8753844426133152, 0.05833656532018694, 0.8196554925577835, 0.8071229808964244, 0.520414090576785, 0.06987221300617852, 0.574101702489662, 0.96031303607628, 0.6030004321427562, 0.6569683115222725, 0.022657806231036526, 0.34352947895274333, 0.5416032815918397, 0.4521482938914342, 0.6567137632072642, 0.12157574644110458, 0.24501628981671708, 0.6624613807827244, 0.9935249008763314, 0.8549932029974945, 0.2451171995830218, 0.5736810262921165, 0.10469379039009274, 0.003871051722374119, 0.6930228840808322, 0.33728688674741925, 0.10156279255110245, 0.26025181944055087, 0.24857636874951383, 0.4185903146547384, 0.4363903910553265, 0.37037835736525904, 0.3184321758642069, 0.9689331474387116, 0.824317605781398, 0.7234067965159084, 0.9872112827816102, 0.1987599426684793, 0.020856378735503167, 0.4735738501445368, 0.9638879172819201, 0.924095852000404, 0.334004468732623, 0.275353618324665, 0.8266258058667308, 0.2658285859763816, 0.1728516102569878, 0.5381096765144239, 0.28903138965822484, 0.8214089998549674, 0.6054853050570995, 0.5456678161040789, 0.7400488796762491, 0.1029666568630011, 0.7213548401602985, 0.4774324899403427, 0.124597984483657, 0.5483447605120246, 0.14880092537143697, 0.8248066988391669, 0.5529242378073959, 0.05734260763357679, 0.04090537419343343, 0.08653091462803053, 0.17436753376901604, 0.5926814351299321, 0.6590048470798515, 0.9765740136687009, 0.1977144863273288, 0.4787232170944944, 0.6241247958598176, 0.4376559553371353, 0.5142477764717177, 0.26853888735902043, 0.07647669525120304, 0.6704560389475123, 0.4942373785871589, 0.14339727550542936, 0.43379073805765855, 0.5548609184008201]

Erro da solução (|Ax - b|): 113.18889303531195
Erro (|Ax - b|)/|b| 0.9595213272920894
Erro no vetor x: 12.661000046014385

Tempo de execução: 0.002143383026123047
