Solução x:
[0.4685099498142566, 0.43300944539780356, 0.6459563052104392, 0.03894607875194666, 0.7251399364730302, 0.44653686038937423, 0.7787275420726133, 0.5132993367712491, 0.29470560824125946, 0.5523464131297787, 0.2570410363647972, 0.41919386337967574, 0.6601882444421044, 0.24743973077533266, 0.2389866535989655, 0.12478917125372634, 0.7979070936771501, 0.6489768963155027, 0.747853076598517, 0.08862096245419693, 0.9790776558482388, 0.10022438582959693, 0.6835522770569484, 0.32144955925771596, 0.5956958615156099, 0.2549734150443382, 0.5570648828090964, 0.13418955188146045, 0.21029673780921576, 0.8436921613415035, 0.661293787830872, 0.6308202606261807, 0.7239700518448818, 0.8442717517743882, 0.48851605188189673, 0.6267560141342464, 0.48333450078202617, 0.6382315820821567, 0.6094514957393475, 0.7063798595154817, 0.6910357949777717, 0.795687499424202, 0.3713051840019739, 0.23977761243533566, 0.46651561634887667, 0.11606144372218043, 0.5300010720529523, 0.47759814109230436, 0.00908208137424127, 0.7951944486225991, 0.6770569352097077, 0.10278713509121752, 0.19237564717906022, 0.1757737534952446, 0.02148285005876505, 0.5616456625496796, 0.18150578883109766, 0.8033729100446313, 0.6024804869279252, 0.11122879445213252, 0.8561636995115611, 0.6347378819014082, 0.3505528101215744, 0.21365142668717657, 0.2969160819993585, 0.13598049067282236, 0.8382637314346044, 0.8225155488817876, 0.9548399728624349, 0.8314022786306628, 0.9729229786016987, 0.4669604705389575, 0.5183489200091805, 0.20824702121067315, 0.6550201760968573, 0.6421999088551318, 0.6561938523704427, 0.8491217760910473, 0.11009216788679843, 0.6217390611342977, 0.24930496033129465, 0.958910786276577, 0.24112606072159135, 0.3629926914306101, 0.2716050890843085, 0.21610745734041223, 0.7921608737112433, 0.3116097629416453, 0.08114698996284528, 0.05090011346202705, 0.20977855118707694, 0.6930419924155259, 0.9672788959155354, 0.6679280393596752, 0.33878831713502017, 0.78692499583668, 0.6491621153473258, 0.49186442583223, 0.6784026288871554, 0.7216323980429482, 0.017538649148632124, 0.7781125192780829, 0.3035618393282657, 0.919424441469743, 0.916810989381764, 0.46433268655044685, 0.17728845027633375, 0.42631362538827877, 0.5567219574834001, 0.09819999865710424, 0.34803252174921984, 0.8701058298592381, 0.013834868320819264, 0.3725794658030114, 0.036596370308516236, 0.8769560071942922, 0.388977453639794, 0.15420405184453975, 0.8172546823846168, 0.7483963097878488, 0.9995367684303552, 0.6419359758948302, 0.6119005091981785, 0.41145055203685693, 0.5035939845099207, 0.9593384202654037, 0.8980314252679125, 0.48611485590062453, 0.12304818629356193, 0.7310012151693013, 0.7994201436948145, 0.974346209264637, 0.43490445568784575, 0.523870752014583, 0.5762874220732745, 0.35635846248235015, 0.2585947150662652, 0.7343867184137439, 0.9260865921976894, 0.6954946951819446, 0.8054971198728331, 0.052680441146530914, 0.3153691885806635, 0.6129636056224169, 0.42642515415084364, 0.19682884187298827, 0.5245767656686701, 0.1169042780226178, 0.6469727032015864, 0.8307374276571667, 0.645430316181308, 0.7269383596994591, 0.6366522799227567, 0.1289272684679331, 0.8533338203572507, 0.030789153793474248, 0.03471802369744437, 0.9036448284619738, 0.8218529150294065, 0.7915624021801682, 0.22066401042956169, 0.7624386031582416, 0.7980634564238049, 0.00788850055853884, 0.18938665987652084, 0.6375654583775909, 0.27251388502616597, 0.010537282915633552, 0.7222884103867059, 0.466180637302037, 0.13558572632617286, 0.15796310873422414, 0.5923759194685457, 0.31185059493037587, 0.9335465320628368, 0.5015860230671305, 0.12524768593950567, 0.8280552969907387, 0.558168962035614, 0.4700146012844417, 0.7068043811225143, 0.1990143518262069, 0.634122448448337, 0.8222401240318785, 0.4212647321823192, 0.36182478374215593, 0.8570102162318204, 0.5956084741860606, 0.06990800100973871, 0.4569292557588961, 0.965296866300946, 0.4391823465250439, 0.383093614725182, 0.9666738554337583, 0.7355724267556222, 0.3933118509380435, 0.7379742950395328, 0.9812824037804716, 0.32125491413837126, 0.1254440223874556, 0.30895708005436767, 0.4833252238166588, 0.8126231837872963, 0.027738305854941712, 0.02626244293220283, 0.6170122759450737, 0.2092942789546261, 0.2728543516214951, 0.8861058869833958, 0.756251067937219, 0.8191904231807801, 0.4513919605456586, 0.36498644350882176, 0.7434416247138639, 0.903855694112217, 0.14092258017115777, 0.8097055946866943, 0.7236682059864786, 0.5221933553047393, 0.01854795030634741, 0.7364721062719949, 0.1264753658759856, 0.8483618214353245, 0.4352941370276742, 0.3102059633740402, 0.9705722829115457, 0.1090320699766454, 0.9428348949731056, 0.07006639198332601, 0.20467681195436294, 0.45380713774034126, 0.13979096712502972, 0.11224495281311049, 0.17331298483548926, 0.38218853855071416, 0.3092082582151685, 0.3914081997450701, 0.031150401248288932, 0.7861641351395746, 0.25990470055483184, 0.1943059290935784, 0.16965750391252982, 0.9605004244193964, 0.42676380588345186, 0.4485188233504282, 0.975727454468564, 0.5882430927757233, 0.39962959219897537, 0.6754265874659351, 0.7076262342793104, 0.7140293617800333, 0.18405193226256752, 0.94226572784362, 0.9464842397796291, 0.5935358163140556, 0.3263508966933882, 0.9526855899161943, 0.753374435752239, 0.8642451000862925, 0.6939052724084562, 0.15785381106993623, 0.46898595581261343, 0.09809151505890004, 0.9887545339415581, 0.50989152116343, 0.3268900960151071, 0.24992442543311008, 0.4145727991908447, 0.34493849267314947, 0.7358181726325711, 0.08736431339692263, 0.8753291253767845, 0.021711384613216686, 0.5449592266241233, 0.9392807481272393, 0.03749389032022522, 0.4354830268275103, 0.012542943839943194, 0.6862876781988597, 0.36648923629198, 0.15094387272102452, 0.7088383790924311, 0.6568896780139868, 0.3847045131142816, 0.06330518103819642, 0.6567435153214268, 0.49524222426767545, 0.8846705221978365, 0.13715516425818983, 0.7114736026528197, 0.14701802536347502, 0.45855816534906924, 0.3559443421995636, 0.15445090916567814, 0.5470956340572667, 0.30976682912176123, 0.2985616466423645, 0.2576803328845549, 0.13506597531384276, 0.7065492108910281, 0.9023830820466148, 0.3305538997006785, 0.5101584671356519, 0.04795676950726524, 0.7183135578137044, 0.5983057147999188, 0.21611433739070202, 0.980590297660399, 0.8818275359333017, 0.9304844496166663, 0.9226931194611969, 0.33635861805341455, 0.1265689403567026, 0.5875335483650119, 0.25981705502810537, 0.22399317252002374, 0.0911290617542735, 0.13139583960123816, 0.43798734896021924, 0.9496613254542854, 0.46311913501803875, 0.855760880815296, 0.9583000135826835, 0.6655765485132344, 0.06260824620575874, 0.28194781174747247, 0.19289698490778012, 0.7749339023449764, 0.7247307176022364, 0.5010756388578468, 0.3539584784400033, 0.7951792470256174, 0.4407941220438702, 0.019402033215233108, 0.6414061327319148, 0.8385065417885363, 0.8576135371912446, 0.6595837779194796, 0.8711004855647204, 0.36529186951354364, 0.38596896662946, 0.899390880263944, 0.21147455594520542, 0.2584812268914234, 0.6666623634891251, 0.5980882960212779, 0.2987318729416852, 0.9083676079654825, 0.9253935288874375, 0.16082872689840202, 0.1457123633703551, 0.8400023757923947, 0.657740964778006, 0.8828843694762427, 0.9418841520774303, 0.0019761457256891805, 0.19909750104072985, 0.7442857662660309, 0.038009355213840405, 0.06932657319117606, 0.6815689848960603, 0.7916152144018219, 0.4939922013205803, 0.13767889254832857, 0.684055498228578, 0.2363349990845916, 0.3828512059858771, 0.25703502569117714, 0.515632451362861, 0.9282674082231795, 0.9720937411003869, 0.7689607978296138, 0.8349560756113946, 0.8388470178186367, 0.26334592163180004, 0.42335725243102335, 0.549392350539409, 0.26223152679035344, 0.07613667012994306, 0.03757469788639791, 0.07527308089577503, 0.3062037611991216, 0.6235764016281216, 0.009927015531131162, 0.5799465078073825, 0.48070441634978617, 0.8248962051400804, 0.9319630643397292, 0.39657823829274946, 0.6934845073383004, 0.3047688027625818, 0.06440676658255436, 0.5773137214384575, 0.8695129039968171, 0.7666977231207647, 0.701293990738092, 0.38846751246642447, 0.7589026371296282, 0.5122669703370666, 0.24906703327998772, 0.24809416296410294, 0.056245176703710674, 0.8337584459442905, 0.9281924847056909, 0.08601084627384019, 0.2736281152528012, 0.5023900371720046, 0.06962602286229462, 0.12715779194538956, 0.2645459641887524, 0.7286482630787695, 0.8674643372898838, 0.01594480895233629, 0.18739221649242652, 0.22361200644905715, 0.06785060914199227, 0.8341532392447988, 0.604781669681262, 0.7696634800516037, 0.41775092441212847, 0.9842538210312045, 0.1749398862050692, 0.3115860968466459, 0.07556445583004204, 0.38934500700659636, 0.7177571487210719, 0.8179800876180733, 0.4193266718911071, 0.9532102194459089, 0.6699558362890277, 0.4045253080906232, 0.5940590134068792, 0.701053629988947, 0.4360840548325522, 0.15030682066291362, 0.2856521983194987, 0.33311361052813443, 0.06327095876216418, 0.5655742285652053, 0.7547817977138068, 0.8835293259318227, 0.13967008641918538, 0.07042747441823295, 0.6311641884983585, 0.6907562590948477, 0.6267029100768098, 0.8890048394570875, 0.9271094878810224, 0.6083657824312404, 0.7156810543230872, 0.8478237249654941, 0.022376560669621567, 0.33563676407818555, 0.6544681222191716, 0.7072805109695623, 0.13027604650644498, 0.19488926633283318, 0.8715314680079598, 0.6059360094221166, 0.1981072379172625, 0.033492144570050085, 0.3884692601005955, 0.9464101113539842, 0.7648377244649439, 0.25407960636667015, 0.20733044321253366, 0.1632806857567242, 0.3130667995496985, 0.2451264266430866, 0.6404091216882847, 0.5327685866459096, 0.7582086541293285, 0.42341966221093674, 0.7011373791444527, 0.32906319459166355, 0.4325188778023185, 0.29039743777628274, 0.5907610625151015, 0.6717679062236065, 0.7899749290862121, 0.2926482767353644, 0.3867295521068995, 0.34931963032383867, 0.31894897665006705, 0.31686767609938155, 0.9363080474955585, 0.555945846892059, 0.5506842952963205, 0.2591954075352329, 0.5058119338511549, 0.20837105811902648, 0.9513457958764543, 0.3913788091650124, 0.706627457880192, 0.20264245921684026, 0.31886290602937095, 0.5051786776395729, 0.7913312368482157, 0.24896544204934976, 0.03681292439375829, 0.63835470135183, 0.9882353835254676, 0.5522127959479114, 0.7332365717884363, 0.4669052525467176, 0.1771878972826353, 0.7943849380119986, 0.3664681968979681, 0.9101836954322673, 0.2572862306541092, 0.5413174072095046, 0.057713609109112295, 0.8030580290278835, 0.8180017475127247, 0.4735607014625718, 0.8239191473247567, 0.9920709985435303, 0.20097539294959849, 0.8482454495795626, 0.1322338483322107, 0.2883337236848971, 0.9274789708081188, 0.8299791815993831, 0.6742931962761227, 0.6687315576263823, 0.6195046627342642, 0.6585239192985918, 0.9289158686755965, 0.6678069603655684, 0.46202694428076835, 0.6161251914791431, 0.9183345782674488, 0.37700543394930114, 0.17115378316932528, 0.10773751820047694, 0.13426426036841288, 0.021814267643400557, 0.8805294798068259, 0.6234301421743325, 0.2704422432225415, 0.2874609896985038, 0.47900241366445684, 0.25455495491765584, 0.9482129686133052, 0.8577184852754327, 0.2527913520673756, 0.42834062442007914, 0.4932800430350986, 0.4553143038558083, 0.2972112440641232, 0.40811668372664084, 0.8190234242530948, 0.48400476194546616, 0.8023351886758026, 0.9354805100987457, 0.7124583590488279, 0.9340499129798085, 0.7502008166868854, 0.20557181323372403, 0.8138708428166772, 0.7787005618245865, 0.676524346826778, 0.9873060600547795, 0.21601304784441372, 0.2996038587079832, 0.36879382876759803, 0.29773995620649185, 0.09178072604111215, 0.12932641325569535, 0.6434880466270491, 0.26764170642245616, 0.21461387208520313, 0.6776380222326648, 0.5419612444994297, 0.1702354163834336, 0.186866436210222, 0.45517118295093867, 0.19361029707990238, 0.6213613199478092, 0.3411386498016708, 0.7604590523676921, 0.5309140416670042, 0.8782855022198338, 0.39955083971218625, 0.4656420134131158, 0.6000974978984532, 0.3912702263907474, 0.9972342234823361, 0.8313925788942012, 0.5298288500829936, 0.02320898825134023, 0.5501583695846486, 0.23922641077323367, 0.9121285474547136, 0.33284518417651904, 0.5235050723606013, 0.7676416456850115, 0.8501814308095678, 0.27715808296815786, 0.6112499440998206, 0.17695463574119497, 0.9002947976258387, 0.9456403932206564, 0.6340324586396789, 0.5304503408445069, 0.8279008723626093, 0.851098114828799, 0.3692318575772516, 0.8882884462724971, 0.17059145258313335, 0.875950700647752, 0.9806010445039798, 0.3370295461340483, 0.29664246052904125, 0.08003769474422052, 0.439994496466239, 0.4832315653046418, 0.5990078435195131, 0.019225509891311995, 0.8472571784586762, 0.9013845320155567, 0.4081924897348122, 0.40029750747751874, 0.8327429019953454, 0.7602349125731783, 0.833887654824424, 0.08231033633977893, 0.24743597448396837, 0.4797489888430753, 0.47560766477799554, 0.6462003773067315, 0.45714863611910334, 0.64947507187709, 0.9946541821245831, 0.7968209941843142, 0.35986653082044356, 0.2416014229667099, 0.6619106506084547, 0.3039797786432076, 0.26406243747251845, 0.25858217910702647, 0.21120770411557327, 0.7763503857604874, 0.9510800603276819, 0.1599277267606227, 0.8377172422489051, 0.09747436657013861, 0.26128121043250147, 0.390883358307232, 0.18280755258903053, 0.6959383383496324, 0.009179323302677008, 0.8497041466783292, 0.1902905768216448, 0.4312687556263867, 0.6743974323930475, 0.24224209576700134, 0.02619811040056996, 0.43084255899873564, 0.5517267826562626, 0.21555907045814168, 0.2723432073208876, 0.854320404080783, 0.4762969134801962, 0.40837136512978917, 0.11763690344415749, 0.0073828823087718235, 0.8295480966952301, 0.8784181254957895, 0.8809605604589164, 0.6199739314589886, 0.7990145858044087, 0.034489385089599985, 0.7200659453215998, 0.7043162186267675]

X_aleatório_inicial:
[0.46850994981425653, 0.4330094453978035, 0.6459563052104391, 0.03894607875194667, 0.7251399364730302, 0.44653686038937435, 0.7787275420726133, 0.513299336771249, 0.29470560824125946, 0.5523464131297787, 0.25704103636479725, 0.4191938633796758, 0.6601882444421043, 0.24743973077533266, 0.23898665359896554, 0.12478917125372635, 0.7979070936771503, 0.6489768963155026, 0.7478530765985171, 0.08862096245419693, 0.9790776558482388, 0.10022438582959692, 0.6835522770569484, 0.321449559257716, 0.5956958615156098, 0.2549734150443381, 0.5570648828090964, 0.13418955188146042, 0.21029673780921576, 0.8436921613415035, 0.6612937878308721, 0.6308202606261808, 0.7239700518448816, 0.8442717517743882, 0.48851605188189673, 0.6267560141342464, 0.4833345007820261, 0.6382315820821566, 0.6094514957393474, 0.7063798595154815, 0.6910357949777717, 0.7956874994242019, 0.3713051840019739, 0.23977761243533569, 0.4665156163488767, 0.11606144372218041, 0.5300010720529523, 0.47759814109230436, 0.009082081374241269, 0.7951944486225991, 0.6770569352097077, 0.10278713509121751, 0.1923756471790602, 0.1757737534952446, 0.021482850058765046, 0.5616456625496795, 0.1815057888310977, 0.8033729100446314, 0.6024804869279251, 0.11122879445213252, 0.8561636995115612, 0.6347378819014081, 0.35055281012157447, 0.21365142668717663, 0.2969160819993585, 0.13598049067282236, 0.8382637314346044, 0.8225155488817876, 0.9548399728624349, 0.831402278630663, 0.9729229786016989, 0.4669604705389576, 0.5183489200091805, 0.20824702121067318, 0.6550201760968573, 0.642199908855132, 0.6561938523704428, 0.8491217760910474, 0.11009216788679843, 0.6217390611342977, 0.24930496033129468, 0.958910786276577, 0.24112606072159137, 0.3629926914306101, 0.2716050890843086, 0.21610745734041226, 0.7921608737112436, 0.31160976294164533, 0.0811469899628453, 0.05090011346202705, 0.209778551187077, 0.6930419924155257, 0.9672788959155353, 0.6679280393596748, 0.3387883171350201, 0.78692499583668, 0.6491621153473258, 0.49186442583223, 0.6784026288871553, 0.7216323980429482, 0.017538649148632124, 0.7781125192780829, 0.30356183932826475, 0.9194244414697419, 0.9168109893817629, 0.4643326865504457, 0.17728845027633255, 0.42631362538827755, 0.5567219574833989, 0.09819999865710305, 0.3480325217492186, 0.870105829859237, 0.01383486832081815, 0.3725794658030105, 0.03659637030851537, 0.8769560071942925, 0.38897745363979397, 0.15420405184453978, 0.8172546823846171, 0.7483963097878489, 0.9995367684303554, 0.6419359758948302, 0.6119005091981783, 0.4114505520368569, 0.5035939845099208, 0.9593384202654038, 0.8980314252679125, 0.48611485590062464, 0.12304818629356196, 0.7310012151693015, 0.7994201436948147, 0.9743462092646347, 0.4349044556877555, 0.5238707520144803, 0.5762874220731595, 0.3563584624822307, 0.2585947150661442, 0.7343867184136226, 0.9260865921975677, 0.6954946951818233, 0.8054971198727124, 0.052680441146411905, 0.31536918858054974, 0.6129636056223177, 0.4264251541507543, 0.19682884187298655, 0.5245767656686701, 0.11690427802261782, 0.6469727032015866, 0.830737427657167, 0.645430316181308, 0.726938359699459, 0.6366522799227567, 0.12892726846793312, 0.8533338203572508, 0.030789153793474244, 0.03471802369744437, 0.9036448284619738, 0.8218529150294065, 0.7915624021801682, 0.22066401042955908, 0.7624386031580628, 0.7980634564145085, 0.007888500548053679, 0.18938665986477365, 0.6375654583653988, 0.27251388501381857, 0.010537282903234635, 0.7222884103742959, 0.46618063728964376, 0.1355857263138437, 0.15796310872208175, 0.5923759194569344, 0.31185059492027, 0.9335465320536477, 0.5015860230670406, 0.12524768593950564, 0.8280552969907389, 0.5581689620356141, 0.47001460128444184, 0.7068043811225144, 0.19901435182620686, 0.6341224484483371, 0.8222401240318786, 0.4212647321823192, 0.3618247837421559, 0.8570102162318205, 0.5956084741860606, 0.06990800100973871, 0.4569292557588952, 0.9652968663008556, 0.4391823465157473, 0.38309361471493875, 0.9666738554222143, 0.7355724267426879, 0.39331185092461984, 0.7379742950259384, 0.9812824037668203, 0.3212549141247081, 0.1254440223738108, 0.30895708004079325, 0.4833252238032898, 0.8126231837745114, 0.027738305843815758, 0.02626244292207769, 0.6170122759449733, 0.20929427895462605, 0.2728543516214952, 0.8861058869833959, 0.7562510679372191, 0.81919042318078, 0.45139196054565855, 0.3649864435088218, 0.743441624713863, 0.9038556941122157, 0.14092258017115622, 0.8097055946866928, 0.7236682059864771, 0.5221933553047378, 0.018547950306344818, 0.7364721062718877, 0.1264753658652129, 0.8483618214234643, 0.43529413701400643, 0.31020596335772366, 0.9705722828952297, 0.10903206996033077, 0.9428348949567918, 0.07006639196701292, 0.20467681193805032, 0.45380713772402903, 0.13979096710871786, 0.11224495279679891, 0.17331298482288904, 0.3821885385396313, 0.3092082582150588, 0.39140819974507013, 0.03115040124828894, 0.7861641351395748, 0.25990470055483184, 0.19430592909357847, 0.16965750391252976, 0.9605004244193933, 0.4267638058833366, 0.4485188233502829, 0.975727454468404, 0.588243092775563, 0.39962959219881533, 0.6754265874657749, 0.7076262342791491, 0.7140293617797523, 0.18405193224990202, 0.9422657278296771, 0.9464842397633122, 0.5935358162977389, 0.3263508966770723, 0.9526855898998797, 0.7533744357359252, 0.8642451000699793, 0.6939052723921435, 0.15785381105362395, 0.46898595579630153, 0.0980915150425884, 0.9887545339284175, 0.5098915211517876, 0.32689009601499186, 0.2499244254331101, 0.4145727991908448, 0.3449384926731496, 0.7358181726325714, 0.08736431339692263, 0.8753291253767821, 0.021711384612988938, 0.5449592266122819, 0.9392807481124048, 0.037493890303891164, 0.4354830268111767, 0.012542943823609765, 0.6862876781825279, 0.36648923627564933, 0.150943872704696, 0.7088383790761054, 0.6568896779976637, 0.3847045130979625, 0.06330518102187876, 0.6567435153051103, 0.4952422242513602, 0.8846705221815226, 0.1371551642418768, 0.7114736026365072, 0.1470180253471629, 0.4585581653327574, 0.355944342183252, 0.1544509091523557, 0.5470956340453876, 0.30976682912164366, 0.2985616466423645, 0.25768033288455494, 0.1350659753138428, 0.7065492108910282, 0.9023830820466147, 0.33055389970056137, 0.5101584671238129, 0.04795676949421934, 0.7183135577973705, 0.5983057147835849, 0.21611433737436836, 0.9805902976440656, 0.8818275359169697, 0.9304844496003356, 0.9226931194448684, 0.33635861803708866, 0.12656894034037935, 0.5875335483486914, 0.25981705501178687, 0.22399317250370676, 0.09112906173795798, 0.13139583958492407, 0.4379873489439061, 0.949661325437973, 0.46311913500172674, 0.8557608807989844, 0.958300013566372, 0.6655765484999433, 0.06260824619388683, 0.28194781174735495, 0.19289698490778007, 0.7749339023449765, 0.7247307176022366, 0.5010756388578469, 0.3539584784400033, 0.795179247025496, 0.4407941220316326, 0.019402033201759372, 0.6414061327155804, 0.8385065417722021, 0.8576135371749102, 0.6595837779031458, 0.8711004855483876, 0.36529186949721204, 0.3859689666131312, 0.8993908802476178, 0.21147455592888198, 0.25848122687510244, 0.6666623634728064, 0.5980882960049608, 0.2987318729253694, 0.9083676079491683, 0.9253935288711246, 0.16082872688208982, 0.14571236335404303, 0.840002375776083, 0.6577409647616946, 0.8828843694632552, 0.9418841520657855, 0.001976145725573919, 0.19909750104072987, 0.7442857662660313, 0.03800935521384041, 0.06932657319117608, 0.6815689848960602, 0.7916152144016995, 0.4939922013082052, 0.13767889253470367, 0.6840554982122431, 0.23633499906825672, 0.38285120596954225, 0.2570350256748427, 0.5156324513465268, 0.9282674082068461, 0.972093741085555, 0.7689607978154949, 0.8349560755974419, 0.8388470178041233, 0.26334592161706827, 0.42335725241617195, 0.5493923505244034, 0.2622315267749885, 0.07613667011363145, 0.03757469787008627, 0.07527308088276097, 0.3062037611871712, 0.6235764016151368, 0.009927015519127669, 0.5799465077961322, 0.48070441634967587, 0.8248962051400803, 0.9319630643397294, 0.3965782382927495, 0.6934845073383005, 0.3047688027625818, 0.06440676658243139, 0.5773137214260342, 0.8695129039831391, 0.76669772310443, 0.7012939907217569, 0.38846751245008937, 0.7589026371132931, 0.5122669703207315, 0.24906703326365287, 0.2480941629500738, 0.05624517669093476, 0.8337584459320401, 0.9281924847054311, 0.0860108462736946, 0.2736281152526542, 0.5023900371717159, 0.06962602284748676, 0.1271577919290784, 0.26454596417244114, 0.7286482630699861, 0.8674643372831976, 0.015944808952146006, 0.1873922164923082, 0.22361200644894785, 0.06785060914199015, 0.8341532392447989, 0.6047816696812621, 0.7696634800516037, 0.4177509244121286, 0.9842538210312045, 0.17493988620494605, 0.311586096834205, 0.07556445581634474, 0.38934500699026076, 0.7177571487047362, 0.8179800876017372, 0.41932667187477124, 0.9532102194295731, 0.669955836272692, 0.40452530807704645, 0.5940590133948955, 0.7010536299776874, 0.4360840548324404, 0.15030682066291112, 0.2856521983194966, 0.33311361052807087, 0.06327095875590982, 0.5655742285583217, 0.7547817977081495, 0.8835293259318225, 0.13967008641918532, 0.07042747441823294, 0.6311641884983584, 0.6907562590948477, 0.6267029100768098, 0.8890048394570877, 0.9271094878810224, 0.6083657824312405, 0.715681054323087, 0.8478237249654943, 0.022376560669498335, 0.33563676406573817, 0.6544681222054671, 0.7072805109532262, 0.1302760464901086, 0.1948892663164966, 0.8715314679916233, 0.6059360094057802, 0.19810723790092633, 0.03349214455673333, 0.38846926008907556, 0.9464101113433024, 0.7648377244648392, 0.25407960636666904, 0.2073304432125337, 0.16328068575660093, 0.3130667995372487, 0.24512642662937933, 0.6404091216719477, 0.5327685866295727, 0.7582086541129917, 0.4234196621945999, 0.701137379128116, 0.32906319457532707, 0.4325188777891523, 0.29039743776503324, 0.5907610625047567, 0.6717679062235051, 0.7899749290862111, 0.2926482767353644, 0.3867295521067763, 0.3493196303113877, 0.31894897663635857, 0.3168676760830439, 0.936308047479221, 0.5559458468757215, 0.5506842952799834, 0.259195407518896, 0.505811933834818, 0.2083710581059478, 0.9513457958653623, 0.3913788091548638, 0.7066274578800924, 0.20264245921683932, 0.31886290602937084, 0.5051786776394497, 0.7913312368357646, 0.24896544203564097, 0.03681292437742045, 0.6383547013354921, 0.9882353835091298, 0.552212795931574, 0.7332365717720991, 0.4669052525303806, 0.17718789726960749, 0.7943849380009985, 0.3664681968879342, 0.9101836954321689, 0.25728623065410816, 0.5413174072095046, 0.05771360910898904, 0.8030580290154323, 0.818001747499016, 0.47356070144623386, 0.8239191473084186, 0.9920709985271923, 0.20097539293326083, 0.8482454495632249, 0.13223384831587326, 0.28833372367189913, 0.9274789707971727, 0.8299791815894164, 0.6742931962760249, 0.6687315576263815, 0.6195046627342643, 0.6585239192984687, 0.9289158686631461, 0.6678069603518606, 0.4620269442644305, 0.6161251914628049, 0.9183345782511105, 0.37700543393296315, 0.17115378315298746, 0.10773751818413924, 0.1342642603554327, 0.021814267632486395, 0.880529479796899, 0.623430142174235, 0.2704422432225405, 0.28746098969850387, 0.4790024136643336, 0.25455495490520796, 0.9482129685996001, 0.8577184852590944, 0.2527913520510372, 0.4283406244037409, 0.4932800430187605, 0.45531430383947025, 0.2972112440477853, 0.40811668371367193, 0.8190234242422002, 0.4840047619355631, 0.8023351886757051, 0.9354805100987444, 0.712458359048828, 0.9340499129796855, 0.7502008166744565, 0.20557181322002782, 0.813870842800339, 0.778700561808248, 0.6765243468104394, 0.9873060600384411, 0.2160130478280755, 0.2996038586916451, 0.3687938287546384, 0.2977399561956109, 0.09178072603122434, 0.12932641325559935, 0.6434880466270481, 0.2676417064224562, 0.21461387208520188, 0.6776380222325442, 0.5419612444992953, 0.17023541638327366, 0.18686643621006183, 0.4551711829507784, 0.1936102970797422, 0.621361319947649, 0.3411386498015109, 0.7604590523675648, 0.5309140416668974, 0.8782855022197376, 0.3995508397121844, 0.46564201341311573, 0.6000974978984533, 0.3912702263907474, 0.9972342234823345, 0.8313925788941997, 0.529828850082992, 0.023208988251338658, 0.5501583695846473, 0.23922641077323215, 0.9121285474547124, 0.33284518417651754, 0.5235050723606003, 0.7676416456850105, 0.8501814308095667, 0.2771580829681578, 0.6112499440998205, 0.17695463574119497, 0.9002947976258385, 0.9456403932206565, 0.6340324586396789, 0.5304503408445069, 0.8279008723626096, 0.8510981148287994, 0.36923185757725163, 0.8882884462724974, 0.17059145258313335, 0.875950700647752, 0.9806010445039798, 0.33702954613404823, 0.2966424605290414, 0.08003769474422051, 0.4399944964662391, 0.48323156530464184, 0.5990078435195131, 0.019225509891311998, 0.8472571784586764, 0.9013845320155567, 0.40819248973481226, 0.4002975074775188, 0.8327429019953456, 0.7602349125731784, 0.8338876548244241, 0.08231033633977891, 0.24743597448396837, 0.47974898884307526, 0.47560766477799543, 0.6462003773067316, 0.4571486361191034, 0.6494750718770903, 0.9946541821245835, 0.7968209941843143, 0.35986653082044373, 0.24160142296670994, 0.6619106506084548, 0.3039797786432077, 0.26406243747251856, 0.2585821791070265, 0.21120770411557332, 0.7763503857604876, 0.951080060327682, 0.15992772676062272, 0.8377172422489051, 0.09747436657013864, 0.2612812104325015, 0.3908833583072321, 0.1828075525890306, 0.6959383383496324, 0.009179323302677012, 0.8497041466783295, 0.19029057682164485, 0.4312687556263868, 0.6743974323930477, 0.2422420957670014, 0.026198110400569963, 0.4308425589987358, 0.5517267826562625, 0.2155590704581417, 0.27234320732088757, 0.8543204040807828, 0.4762969134801961, 0.408371365129789, 0.11763690344415745, 0.007382882308771821, 0.82954809669523, 0.8784181254957893, 0.8809605604589162, 0.6199739314589884, 0.7990145858044085, 0.03448938508959998, 0.7200659453215997, 0.7043162186267676]

Erro da solução (|Ax - b|): 4.473507025918195e-09
Erro (|Ax - b|)/|b| 3.529432721454767e-16
Erro no vetor x: 2.3811818766808237e-10

Tempo de execução: 12.765587329864502
