Solução x:
[0.46850994981425653, 0.4330094453978035, 0.6459563052104393, 0.038946078751946674, 0.7251399364730303, 0.44653686038937435, 0.7787275420726135, 0.5132993367712491, 0.2947056082412595, 0.5523464131297787, 0.25704103636479725, 0.4191938633796758, 0.6601882444421046, 0.24743973077533268, 0.23898665359896556, 0.12478917125372636, 0.7979070936771503, 0.6489768963155027, 0.747853076598517, 0.08862096245419696, 0.979077655848239, 0.10022438582959695, 0.6835522770569485, 0.321449559257716, 0.5956958615156099, 0.2549734150443382, 0.5570648828090965, 0.13418955188146045, 0.2102967378092158, 0.8436921613415036, 0.6612937878308719, 0.6308202606261809, 0.7239700518448817, 0.8442717517743884, 0.4885160518818967, 0.6267560141342463, 0.4833345007820261, 0.6382315820821565, 0.6094514957393473, 0.7063798595154814, 0.6910357949777717, 0.795687499424202, 0.3713051840019738, 0.23977761243533569, 0.4665156163488766, 0.1160614437221804, 0.5300010720529522, 0.4775981410923043, 0.009082081374241269, 0.795194448622599, 0.6770569352097074, 0.10278713509121751, 0.19237564717906017, 0.17577375349524454, 0.021482850058765046, 0.5616456625496795, 0.18150578883109766, 0.8033729100446315, 0.6024804869279251, 0.11122879445213253, 0.8561636995115611, 0.634737881901408, 0.3505528101215744, 0.21365142668717665, 0.2969160819993585, 0.13598049067282236, 0.8382637314346045, 0.8225155488817877, 0.9548399728624352, 0.831402278630663, 0.9729229786016991, 0.4669604705389576, 0.5183489200091806, 0.20824702121067312, 0.6550201760968573, 0.6421999088551318, 0.6561938523704427, 0.8491217760910472, 0.11009216788679842, 0.6217390611342979, 0.24930496033129468, 0.9589107862765772, 0.2411260607215913, 0.3629926914306101, 0.2716050890843086, 0.21610745734041226, 0.7921608737112432, 0.3116097629416453, 0.0811469899628453, 0.05090011346202706, 0.20977855118707694, 0.6930419924155256, 0.9672788959155352, 0.6679280393596749, 0.33878831713502, 0.7869249958366799, 0.6491621153473258, 0.4918644258322299, 0.6784026288871554, 0.7216323980429479, 0.017538649148632113, 0.7781125192780827, 0.30356183932826336, 0.9194244414697402, 0.9168109893817609, 0.46433268655044374, 0.17728845027633064, 0.4263136253882756, 0.556721957483397, 0.09819999865710115, 0.34803252174921656, 0.8701058298592349, 0.013834868320816386, 0.372579465803009, 0.03659637030851399, 0.8769560071942923, 0.38897745363979397, 0.15420405184453975, 0.8172546823846168, 0.7483963097878489, 0.9995367684303554, 0.6419359758948303, 0.6119005091981784, 0.4114505520368567, 0.5035939845099208, 0.9593384202654038, 0.8980314252679122, 0.4861148559006244, 0.12304818629356193, 0.7310012151693013, 0.7994201436948144, 0.9743462092646307, 0.4349044556876128, 0.5238707520143181, 0.5762874220729783, 0.35635846248204245, 0.25859471506595355, 0.734386718413431, 0.926086592197376, 0.6954946951816317, 0.8054971198725218, 0.05268044114622443, 0.31536918858037044, 0.6129636056221612, 0.42642515415061344, 0.19682884187298383, 0.5245767656686701, 0.11690427802261782, 0.6469727032015865, 0.8307374276571668, 0.645430316181308, 0.7269383596994587, 0.6366522799227565, 0.12892726846793312, 0.853333820357251, 0.030789153793474234, 0.03471802369744433, 0.9036448284619732, 0.8218529150294062, 0.7915624021801676, 0.2206640104295549, 0.762438603157781, 0.7980634563998722, 0.00788850053154544, 0.1893866598462778, 0.6375654583462018, 0.2725138849943756, 0.010537282883708886, 0.7222884103547518, 0.46618063727012543, 0.13558572629442536, 0.15796310870295704, 0.5923759194386463, 0.31185059490435324, 0.9335465320391756, 0.5015860230668987, 0.1252476859395056, 0.8280552969907388, 0.5581689620356138, 0.47001460128444184, 0.7068043811225144, 0.19901435182620683, 0.634122448448337, 0.8222401240318783, 0.421264732182319, 0.3618247837421558, 0.8570102162318198, 0.5956084741860602, 0.06990800100973862, 0.45692925575889365, 0.9652968663007128, 0.4391823465011108, 0.3830936146988121, 0.9666738554040392, 0.7355724267223229, 0.3933118509034837, 0.7379742950045317, 0.9812824037453225, 0.3212549141031903, 0.12544402235232124, 0.3089570800194137, 0.48332522378223314, 0.8126231837543749, 0.027738305826292508, 0.026262442906130955, 0.6170122759448156, 0.20929427895462605, 0.27285435162149513, 0.886105886983396, 0.756251067937219, 0.8191904231807802, 0.4513919605456585, 0.36498644350882176, 0.7434416247138611, 0.903855694112213, 0.14092258017115367, 0.8097055946866899, 0.7236682059864743, 0.5221933553047352, 0.01854795030634071, 0.7364721062717191, 0.12647536584825392, 0.8483618214047935, 0.43529413699248876, 0.3102059633320348, 0.9705722828695403, 0.10903206993464074, 0.9428348949311014, 0.07006639194132123, 0.20467681191235887, 0.45380713769833736, 0.13979096708302638, 0.11224495277110755, 0.17331298480304327, 0.38218853852217566, 0.3092082582148862, 0.39140819974506996, 0.03115040124828894, 0.7861641351395746, 0.25990470055483184, 0.19430592909357844, 0.16965750391252965, 0.960500424419388, 0.42676380588315527, 0.4485188233500544, 0.9757274544681519, 0.588243092775311, 0.3996295921985633, 0.6754265874655233, 0.7076262342788955, 0.7140293617793095, 0.18405193222996638, 0.9422657278077308, 0.9464842397376235, 0.59353581627205, 0.3263508966513829, 0.9526855898741897, 0.7533744357102345, 0.8642451000442879, 0.6939052723664519, 0.15785381102793225, 0.46898595577061, 0.0980915150168969, 0.9887545339077201, 0.5098915211334506, 0.32689009601481034, 0.24992442543311008, 0.41457279919084483, 0.34493849267314947, 0.7358181726325714, 0.08736431339692265, 0.8753291253767785, 0.02171138461263088, 0.5449592265936657, 0.9392807480890834, 0.03749389027821206, 0.4354830267854976, 0.01254294379793084, 0.6862876781568483, 0.3664892362499691, 0.15094387267901424, 0.7088383790504222, 0.6568896779719791, 0.38470451307227505, 0.06330518099619024, 0.6567435152794211, 0.49524222422567027, 0.8846705221558319, 0.13715516421618557, 0.7114736026108158, 0.14701802532147126, 0.4585581653070659, 0.35594434215756054, 0.15445090913137177, 0.5470956340266773, 0.3097668291214585, 0.2985616466423644, 0.25768033288455483, 0.1350659753138428, 0.7065492108910283, 0.9023830820466147, 0.3305538997003771, 0.5101584671052003, 0.047956769473709526, 0.7183135577716915, 0.5983057147579057, 0.21611433734868926, 0.9805902976183867, 0.8818275358912903, 0.9304844495746555, 0.9226931194191867, 0.33635861801140565, 0.12656894031469473, 0.587533548323005, 0.25981705498609897, 0.22399317247801798, 0.09112906171226832, 0.1313958395592336, 0.43798734891821534, 0.9496613254122821, 0.4631191349760354, 0.8557608807732929, 0.9583000135406805, 0.6655765484790086, 0.06260824617518769, 0.28194781174717, 0.19289698490778, 0.7749339023449765, 0.7247307176022366, 0.501075638857847, 0.3539584784400032, 0.7951792470253054, 0.44079412201239354, 0.019402033180577084, 0.641406132689901, 0.8385065417465228, 0.8576135371492314, 0.6595837778774672, 0.8711004855227089, 0.36529186947153275, 0.38596896658744967, 0.8993908802219351, 0.2114745559031973, 0.2584812268494161, 0.6666623634471186, 0.5980882959792725, 0.29873187289968, 0.9083676079234781, 0.9253935288454339, 0.16082872685639912, 0.14571236332835208, 0.8400023757503915, 0.657740964736003, 0.8828843694427978, 0.941884152047444, 0.001976145725392386, 0.19909750104072985, 0.7442857662660312, 0.03800935521384041, 0.06932657319117606, 0.6815689848960602, 0.7916152144015066, 0.4939922012887511, 0.13767889251328486, 0.6840554981865646, 0.236334999042578, 0.3828512059438636, 0.2570350256491644, 0.5156324513208487, 0.928267408181168, 0.9720937410622326, 0.7689607977932883, 0.8349560755754912, 0.8388470177812838, 0.2633459215938796, 0.4233572523927909, 0.5493923505007765, 0.2622315267507927, 0.07613667008794112, 0.03757469784439586, 0.07527308086226392, 0.3062037611683488, 0.6235764015946851, 0.009927015500221072, 0.579946507778412, 0.4807044163495019, 0.82489620514008, 0.9319630643397295, 0.3965782382927496, 0.6934845073383005, 0.30476880276258184, 0.06440676658223803, 0.5773137214065046, 0.8695129039616367, 0.7666977230787516, 0.7012939906960783, 0.38846751242441074, 0.7589026370876147, 0.512266970295054, 0.2490670332379755, 0.24809416292801675, 0.056245176670844194, 0.8337584459127735, 0.9281924847050226, 0.08601084627346542, 0.2736281152524228, 0.5023900371712611, 0.06962602282416447, 0.12715779190338847, 0.2645459641467511, 0.7286482630561518, 0.8674643372726664, 0.01594480895184629, 0.18739221649212184, 0.22361200644877546, 0.06785060914198678, 0.8341532392447989, 0.6047816696812619, 0.7696634800516037, 0.41775092441212863, 0.9842538210312043, 0.1749398862047525, 0.3115860968146491, 0.07556445579481381, 0.38934500696458313, 0.7177571486790583, 0.8179800875760596, 0.4193266718490939, 0.9532102194038964, 0.6699558362470155, 0.4045253080557031, 0.5940590133760546, 0.7010536299599833, 0.436084054832265, 0.1503068206629071, 0.2856521983194934, 0.3331136105279706, 0.06327095874605917, 0.5655742285474801, 0.7547817976992394, 0.8835293259318223, 0.13967008641918519, 0.07042747441823292, 0.6311641884983584, 0.690756259094848, 0.6267029100768098, 0.8890048394570874, 0.9271094878810227, 0.6083657824312404, 0.715681054323087, 0.8478237249654943, 0.022376560669304657, 0.3356367640461732, 0.6544681221839264, 0.7072805109275484, 0.13027604646443108, 0.19488926629081912, 0.8715314679659463, 0.6059360093801034, 0.19810723787524964, 0.0334921445358005, 0.38846926007096605, 0.9464101113265094, 0.7648377244646745, 0.2540796063666673, 0.2073304432125337, 0.16328068575640722, 0.31306679951768096, 0.24512642660783557, 0.6404091216462711, 0.5327685866038958, 0.7582086540873145, 0.42341966216892296, 0.7011373791024389, 0.3290631945496501, 0.43251887776845727, 0.29039743774735016, 0.5907610624884949, 0.6717679062233456, 0.7899749290862095, 0.2926482767353645, 0.38672955210658255, 0.3493196302918196, 0.3189489766148143, 0.31686767605736815, 0.9363080474535449, 0.5559458468500452, 0.5506842952543065, 0.25919540749321895, 0.5058119338091411, 0.20837105808539166, 0.9513457958479283, 0.3913788091389122, 0.7066274578799361, 0.2026424592168377, 0.31886290602937084, 0.5051786776392558, 0.7913312368161967, 0.24896544201409695, 0.03681292435174469, 0.6383547013098163, 0.988235383483454, 0.5522127959058974, 0.7332365717464223, 0.46690525250470366, 0.1771878972491324, 0.7943849379837108, 0.36646819687216403, 0.9101836954320145, 0.2572862306541066, 0.5413174072095045, 0.05771360910879531, 0.8030580289958648, 0.8180017474774723, 0.47356070142055867, 0.8239191472827432, 0.9920709985015161, 0.20097539290758407, 0.8482454495375483, 0.13223384829019677, 0.2883337236514716, 0.9274789707799703, 0.8299791815737523, 0.6742931962758713, 0.6687315576263799, 0.6195046627342642, 0.6585239192982748, 0.9289158686435796, 0.6678069603303183, 0.46202694423875507, 0.6161251914371293, 0.9183345782254346, 0.377005433907287, 0.17115378312731128, 0.10773751815846301, 0.13426426033503333, 0.02181426761533406, 0.8805294797812975, 0.6234301421740822, 0.27044224322253907, 0.2874609896985037, 0.47900241366414, 0.2545549548856464, 0.9482129685780633, 0.8577184852334189, 0.2527913520253617, 0.4283406243780653, 0.4932800429930849, 0.45531430381379434, 0.29721124402210924, 0.40811668369329057, 0.8190234242250788, 0.4840047619199995, 0.8023351886755528, 0.9354805100987427, 0.7124583590488279, 0.9340499129794922, 0.7502008166549247, 0.20557181319850437, 0.8138708427746638, 0.7787005617825725, 0.6765243467847641, 0.9873060600127656, 0.21601304780239985, 0.29960385866596934, 0.36879382873427163, 0.2977399561785106, 0.0917807260156849, 0.12932641325544839, 0.6434880466270467, 0.2676417064224562, 0.2146138720852, 0.6776380222323541, 0.541961244499084, 0.17023541638302228, 0.18686643620981008, 0.45517118295052644, 0.19361029707949035, 0.6213613199473969, 0.3411386498012597, 0.7604590523673648, 0.5309140416667294, 0.8782855022195862, 0.39955083971218136, 0.46564201341311573, 0.6000974978984532, 0.3912702263907473, 0.9972342234823326, 0.8313925788941978, 0.5298288500829892, 0.023208988251336188, 0.5501583695846446, 0.23922641077322968, 0.9121285474547097, 0.33284518417651504, 0.5235050723605982, 0.7676416456850085, 0.8501814308095653, 0.2771580829681576, 0.6112499440998201, 0.17695463574119497, 0.9002947976258382, 0.9456403932206565, 0.634032458639679, 0.5304503408445069, 0.8279008723626095, 0.8510981148287994, 0.36923185757725163, 0.8882884462724971, 0.17059145258313327, 0.8759507006477518, 0.9806010445039799, 0.3370295461340481, 0.29664246052904136, 0.08003769474422052, 0.43999449646623906, 0.48323156530464173, 0.5990078435195131, 0.01922550989131199, 0.8472571784586761, 0.9013845320155565, 0.40819248973481226, 0.40029750747751874, 0.8327429019953454, 0.7602349125731782, 0.8338876548244241, 0.08231033633977891, 0.24743597448396834, 0.4797489888430753, 0.47560766477799554, 0.6462003773067316, 0.45714863611910334, 0.6494750718770902, 0.9946541821245832, 0.7968209941843144, 0.3598665308204437, 0.24160142296670997, 0.6619106506084547, 0.30397977864320763, 0.26406243747251856, 0.25858217910702647, 0.21120770411557324, 0.7763503857604878, 0.9510800603276821, 0.15992772676062272, 0.8377172422489052, 0.09747436657013862, 0.2612812104325016, 0.390883358307232, 0.18280755258903056, 0.6959383383496324, 0.009179323302677013, 0.8497041466783295, 0.19029057682164488, 0.4312687556263868, 0.6743974323930476, 0.24224209576700143, 0.026198110400569963, 0.4308425589987358, 0.5517267826562626, 0.2155590704581417, 0.27234320732088757, 0.8543204040807828, 0.476296913480196, 0.408371365129789, 0.11763690344415742, 0.007382882308771819, 0.8295480966952298, 0.8784181254957891, 0.880960560458916, 0.6199739314589883, 0.7990145858044083, 0.03448938508959998, 0.7200659453215996, 0.7043162186267675]

X_aleatório_inicial:
[0.46850994981425653, 0.4330094453978035, 0.6459563052104391, 0.03894607875194667, 0.7251399364730302, 0.44653686038937435, 0.7787275420726133, 0.513299336771249, 0.29470560824125946, 0.5523464131297787, 0.25704103636479725, 0.4191938633796758, 0.6601882444421043, 0.24743973077533266, 0.23898665359896554, 0.12478917125372635, 0.7979070936771503, 0.6489768963155026, 0.7478530765985171, 0.08862096245419693, 0.9790776558482388, 0.10022438582959692, 0.6835522770569484, 0.321449559257716, 0.5956958615156098, 0.2549734150443381, 0.5570648828090964, 0.13418955188146042, 0.21029673780921576, 0.8436921613415035, 0.6612937878308721, 0.6308202606261808, 0.7239700518448816, 0.8442717517743882, 0.48851605188189673, 0.6267560141342464, 0.4833345007820261, 0.6382315820821566, 0.6094514957393474, 0.7063798595154815, 0.6910357949777717, 0.7956874994242019, 0.3713051840019739, 0.23977761243533569, 0.4665156163488767, 0.11606144372218041, 0.5300010720529523, 0.47759814109230436, 0.009082081374241269, 0.7951944486225991, 0.6770569352097077, 0.10278713509121751, 0.1923756471790602, 0.1757737534952446, 0.021482850058765046, 0.5616456625496795, 0.1815057888310977, 0.8033729100446314, 0.6024804869279251, 0.11122879445213252, 0.8561636995115612, 0.6347378819014081, 0.35055281012157447, 0.21365142668717663, 0.2969160819993585, 0.13598049067282236, 0.8382637314346044, 0.8225155488817876, 0.9548399728624349, 0.831402278630663, 0.9729229786016989, 0.4669604705389576, 0.5183489200091805, 0.20824702121067318, 0.6550201760968573, 0.642199908855132, 0.6561938523704428, 0.8491217760910474, 0.11009216788679843, 0.6217390611342977, 0.24930496033129468, 0.958910786276577, 0.24112606072159137, 0.3629926914306101, 0.2716050890843086, 0.21610745734041226, 0.7921608737112436, 0.31160976294164533, 0.0811469899628453, 0.05090011346202705, 0.209778551187077, 0.6930419924155257, 0.9672788959155353, 0.6679280393596748, 0.3387883171350201, 0.78692499583668, 0.6491621153473258, 0.49186442583223, 0.6784026288871553, 0.7216323980429482, 0.017538649148632124, 0.7781125192780829, 0.30356183932826475, 0.9194244414697419, 0.9168109893817629, 0.4643326865504457, 0.17728845027633255, 0.42631362538827755, 0.5567219574833989, 0.09819999865710305, 0.3480325217492186, 0.870105829859237, 0.01383486832081815, 0.3725794658030105, 0.03659637030851537, 0.8769560071942925, 0.38897745363979397, 0.15420405184453978, 0.8172546823846171, 0.7483963097878489, 0.9995367684303554, 0.6419359758948302, 0.6119005091981783, 0.4114505520368569, 0.5035939845099208, 0.9593384202654038, 0.8980314252679125, 0.48611485590062464, 0.12304818629356196, 0.7310012151693015, 0.7994201436948147, 0.9743462092646347, 0.4349044556877555, 0.5238707520144803, 0.5762874220731595, 0.3563584624822307, 0.2585947150661442, 0.7343867184136226, 0.9260865921975677, 0.6954946951818233, 0.8054971198727124, 0.052680441146411905, 0.31536918858054974, 0.6129636056223177, 0.4264251541507543, 0.19682884187298655, 0.5245767656686701, 0.11690427802261782, 0.6469727032015866, 0.830737427657167, 0.645430316181308, 0.726938359699459, 0.6366522799227567, 0.12892726846793312, 0.8533338203572508, 0.030789153793474244, 0.03471802369744437, 0.9036448284619738, 0.8218529150294065, 0.7915624021801682, 0.22066401042955908, 0.7624386031580628, 0.7980634564145085, 0.007888500548053679, 0.18938665986477365, 0.6375654583653988, 0.27251388501381857, 0.010537282903234635, 0.7222884103742959, 0.46618063728964376, 0.1355857263138437, 0.15796310872208175, 0.5923759194569344, 0.31185059492027, 0.9335465320536477, 0.5015860230670406, 0.12524768593950564, 0.8280552969907389, 0.5581689620356141, 0.47001460128444184, 0.7068043811225144, 0.19901435182620686, 0.6341224484483371, 0.8222401240318786, 0.4212647321823192, 0.3618247837421559, 0.8570102162318205, 0.5956084741860606, 0.06990800100973871, 0.4569292557588952, 0.9652968663008556, 0.4391823465157473, 0.38309361471493875, 0.9666738554222143, 0.7355724267426879, 0.39331185092461984, 0.7379742950259384, 0.9812824037668203, 0.3212549141247081, 0.1254440223738108, 0.30895708004079325, 0.4833252238032898, 0.8126231837745114, 0.027738305843815758, 0.02626244292207769, 0.6170122759449733, 0.20929427895462605, 0.2728543516214952, 0.8861058869833959, 0.7562510679372191, 0.81919042318078, 0.45139196054565855, 0.3649864435088218, 0.743441624713863, 0.9038556941122157, 0.14092258017115622, 0.8097055946866928, 0.7236682059864771, 0.5221933553047378, 0.018547950306344818, 0.7364721062718877, 0.1264753658652129, 0.8483618214234643, 0.43529413701400643, 0.31020596335772366, 0.9705722828952297, 0.10903206996033077, 0.9428348949567918, 0.07006639196701292, 0.20467681193805032, 0.45380713772402903, 0.13979096710871786, 0.11224495279679891, 0.17331298482288904, 0.3821885385396313, 0.3092082582150588, 0.39140819974507013, 0.03115040124828894, 0.7861641351395748, 0.25990470055483184, 0.19430592909357847, 0.16965750391252976, 0.9605004244193933, 0.4267638058833366, 0.4485188233502829, 0.975727454468404, 0.588243092775563, 0.39962959219881533, 0.6754265874657749, 0.7076262342791491, 0.7140293617797523, 0.18405193224990202, 0.9422657278296771, 0.9464842397633122, 0.5935358162977389, 0.3263508966770723, 0.9526855898998797, 0.7533744357359252, 0.8642451000699793, 0.6939052723921435, 0.15785381105362395, 0.46898595579630153, 0.0980915150425884, 0.9887545339284175, 0.5098915211517876, 0.32689009601499186, 0.2499244254331101, 0.4145727991908448, 0.3449384926731496, 0.7358181726325714, 0.08736431339692263, 0.8753291253767821, 0.021711384612988938, 0.5449592266122819, 0.9392807481124048, 0.037493890303891164, 0.4354830268111767, 0.012542943823609765, 0.6862876781825279, 0.36648923627564933, 0.150943872704696, 0.7088383790761054, 0.6568896779976637, 0.3847045130979625, 0.06330518102187876, 0.6567435153051103, 0.4952422242513602, 0.8846705221815226, 0.1371551642418768, 0.7114736026365072, 0.1470180253471629, 0.4585581653327574, 0.355944342183252, 0.1544509091523557, 0.5470956340453876, 0.30976682912164366, 0.2985616466423645, 0.25768033288455494, 0.1350659753138428, 0.7065492108910282, 0.9023830820466147, 0.33055389970056137, 0.5101584671238129, 0.04795676949421934, 0.7183135577973705, 0.5983057147835849, 0.21611433737436836, 0.9805902976440656, 0.8818275359169697, 0.9304844496003356, 0.9226931194448684, 0.33635861803708866, 0.12656894034037935, 0.5875335483486914, 0.25981705501178687, 0.22399317250370676, 0.09112906173795798, 0.13139583958492407, 0.4379873489439061, 0.949661325437973, 0.46311913500172674, 0.8557608807989844, 0.958300013566372, 0.6655765484999433, 0.06260824619388683, 0.28194781174735495, 0.19289698490778007, 0.7749339023449765, 0.7247307176022366, 0.5010756388578469, 0.3539584784400033, 0.795179247025496, 0.4407941220316326, 0.019402033201759372, 0.6414061327155804, 0.8385065417722021, 0.8576135371749102, 0.6595837779031458, 0.8711004855483876, 0.36529186949721204, 0.3859689666131312, 0.8993908802476178, 0.21147455592888198, 0.25848122687510244, 0.6666623634728064, 0.5980882960049608, 0.2987318729253694, 0.9083676079491683, 0.9253935288711246, 0.16082872688208982, 0.14571236335404303, 0.840002375776083, 0.6577409647616946, 0.8828843694632552, 0.9418841520657855, 0.001976145725573919, 0.19909750104072987, 0.7442857662660313, 0.03800935521384041, 0.06932657319117608, 0.6815689848960602, 0.7916152144016995, 0.4939922013082052, 0.13767889253470367, 0.6840554982122431, 0.23633499906825672, 0.38285120596954225, 0.2570350256748427, 0.5156324513465268, 0.9282674082068461, 0.972093741085555, 0.7689607978154949, 0.8349560755974419, 0.8388470178041233, 0.26334592161706827, 0.42335725241617195, 0.5493923505244034, 0.2622315267749885, 0.07613667011363145, 0.03757469787008627, 0.07527308088276097, 0.3062037611871712, 0.6235764016151368, 0.009927015519127669, 0.5799465077961322, 0.48070441634967587, 0.8248962051400803, 0.9319630643397294, 0.3965782382927495, 0.6934845073383005, 0.3047688027625818, 0.06440676658243139, 0.5773137214260342, 0.8695129039831391, 0.76669772310443, 0.7012939907217569, 0.38846751245008937, 0.7589026371132931, 0.5122669703207315, 0.24906703326365287, 0.2480941629500738, 0.05624517669093476, 0.8337584459320401, 0.9281924847054311, 0.0860108462736946, 0.2736281152526542, 0.5023900371717159, 0.06962602284748676, 0.1271577919290784, 0.26454596417244114, 0.7286482630699861, 0.8674643372831976, 0.015944808952146006, 0.1873922164923082, 0.22361200644894785, 0.06785060914199015, 0.8341532392447989, 0.6047816696812621, 0.7696634800516037, 0.4177509244121286, 0.9842538210312045, 0.17493988620494605, 0.311586096834205, 0.07556445581634474, 0.38934500699026076, 0.7177571487047362, 0.8179800876017372, 0.41932667187477124, 0.9532102194295731, 0.669955836272692, 0.40452530807704645, 0.5940590133948955, 0.7010536299776874, 0.4360840548324404, 0.15030682066291112, 0.2856521983194966, 0.33311361052807087, 0.06327095875590982, 0.5655742285583217, 0.7547817977081495, 0.8835293259318225, 0.13967008641918532, 0.07042747441823294, 0.6311641884983584, 0.6907562590948477, 0.6267029100768098, 0.8890048394570877, 0.9271094878810224, 0.6083657824312405, 0.715681054323087, 0.8478237249654943, 0.022376560669498335, 0.33563676406573817, 0.6544681222054671, 0.7072805109532262, 0.1302760464901086, 0.1948892663164966, 0.8715314679916233, 0.6059360094057802, 0.19810723790092633, 0.03349214455673333, 0.38846926008907556, 0.9464101113433024, 0.7648377244648392, 0.25407960636666904, 0.2073304432125337, 0.16328068575660093, 0.3130667995372487, 0.24512642662937933, 0.6404091216719477, 0.5327685866295727, 0.7582086541129917, 0.4234196621945999, 0.701137379128116, 0.32906319457532707, 0.4325188777891523, 0.29039743776503324, 0.5907610625047567, 0.6717679062235051, 0.7899749290862111, 0.2926482767353644, 0.3867295521067763, 0.3493196303113877, 0.31894897663635857, 0.3168676760830439, 0.936308047479221, 0.5559458468757215, 0.5506842952799834, 0.259195407518896, 0.505811933834818, 0.2083710581059478, 0.9513457958653623, 0.3913788091548638, 0.7066274578800924, 0.20264245921683932, 0.31886290602937084, 0.5051786776394497, 0.7913312368357646, 0.24896544203564097, 0.03681292437742045, 0.6383547013354921, 0.9882353835091298, 0.552212795931574, 0.7332365717720991, 0.4669052525303806, 0.17718789726960749, 0.7943849380009985, 0.3664681968879342, 0.9101836954321689, 0.25728623065410816, 0.5413174072095046, 0.05771360910898904, 0.8030580290154323, 0.818001747499016, 0.47356070144623386, 0.8239191473084186, 0.9920709985271923, 0.20097539293326083, 0.8482454495632249, 0.13223384831587326, 0.28833372367189913, 0.9274789707971727, 0.8299791815894164, 0.6742931962760249, 0.6687315576263815, 0.6195046627342643, 0.6585239192984687, 0.9289158686631461, 0.6678069603518606, 0.4620269442644305, 0.6161251914628049, 0.9183345782511105, 0.37700543393296315, 0.17115378315298746, 0.10773751818413924, 0.1342642603554327, 0.021814267632486395, 0.880529479796899, 0.623430142174235, 0.2704422432225405, 0.28746098969850387, 0.4790024136643336, 0.25455495490520796, 0.9482129685996001, 0.8577184852590944, 0.2527913520510372, 0.4283406244037409, 0.4932800430187605, 0.45531430383947025, 0.2972112440477853, 0.40811668371367193, 0.8190234242422002, 0.4840047619355631, 0.8023351886757051, 0.9354805100987444, 0.712458359048828, 0.9340499129796855, 0.7502008166744565, 0.20557181322002782, 0.813870842800339, 0.778700561808248, 0.6765243468104394, 0.9873060600384411, 0.2160130478280755, 0.2996038586916451, 0.3687938287546384, 0.2977399561956109, 0.09178072603122434, 0.12932641325559935, 0.6434880466270481, 0.2676417064224562, 0.21461387208520188, 0.6776380222325442, 0.5419612444992953, 0.17023541638327366, 0.18686643621006183, 0.4551711829507784, 0.1936102970797422, 0.621361319947649, 0.3411386498015109, 0.7604590523675648, 0.5309140416668974, 0.8782855022197376, 0.3995508397121844, 0.46564201341311573, 0.6000974978984533, 0.3912702263907474, 0.9972342234823345, 0.8313925788941997, 0.529828850082992, 0.023208988251338658, 0.5501583695846473, 0.23922641077323215, 0.9121285474547124, 0.33284518417651754, 0.5235050723606003, 0.7676416456850105, 0.8501814308095667, 0.2771580829681578, 0.6112499440998205, 0.17695463574119497, 0.9002947976258385, 0.9456403932206565, 0.6340324586396789, 0.5304503408445069, 0.8279008723626096, 0.8510981148287994, 0.36923185757725163, 0.8882884462724974, 0.17059145258313335, 0.875950700647752, 0.9806010445039798, 0.33702954613404823, 0.2966424605290414, 0.08003769474422051, 0.4399944964662391, 0.48323156530464184, 0.5990078435195131, 0.019225509891311998, 0.8472571784586764, 0.9013845320155567, 0.40819248973481226, 0.4002975074775188, 0.8327429019953456, 0.7602349125731784, 0.8338876548244241, 0.08231033633977891, 0.24743597448396837, 0.47974898884307526, 0.47560766477799543, 0.6462003773067316, 0.4571486361191034, 0.6494750718770903, 0.9946541821245835, 0.7968209941843143, 0.35986653082044373, 0.24160142296670994, 0.6619106506084548, 0.3039797786432077, 0.26406243747251856, 0.2585821791070265, 0.21120770411557332, 0.7763503857604876, 0.951080060327682, 0.15992772676062272, 0.8377172422489051, 0.09747436657013864, 0.2612812104325015, 0.3908833583072321, 0.1828075525890306, 0.6959383383496324, 0.009179323302677012, 0.8497041466783295, 0.19029057682164485, 0.4312687556263868, 0.6743974323930477, 0.2422420957670014, 0.026198110400569963, 0.4308425589987358, 0.5517267826562625, 0.2155590704581417, 0.27234320732088757, 0.8543204040807828, 0.4762969134801961, 0.408371365129789, 0.11763690344415745, 0.007382882308771821, 0.82954809669523, 0.8784181254957893, 0.8809605604589162, 0.6199739314589884, 0.7990145858044085, 0.03448938508959998, 0.7200659453215997, 0.7043162186267676]

Erro da solução (|Ax - b|): 5.723903876258573e-09
Erro (|Ax - b|)/|b| 4.515949906479081e-16
Erro no vetor x: 3.745713869736692e-10

Tempo de execução: 12.28326416015625
