Solução x:
[0.46850994981425653, 0.4330094453978035, 0.6459563052104393, 0.038946078751946674, 0.7251399364730303, 0.44653686038937435, 0.7787275420726135, 0.5132993367712491, 0.2947056082412595, 0.5523464131297787, 0.25704103636479725, 0.4191938633796758, 0.6601882444421046, 0.24743973077533268, 0.23898665359896556, 0.12478917125372636, 0.7979070936771503, 0.6489768963155027, 0.747853076598517, 0.08862096245419696, 0.979077655848239, 0.10022438582959695, 0.6835522770569485, 0.321449559257716, 0.5956958615156099, 0.2549734150443382, 0.5570648828090965, 0.13418955188146045, 0.2102967378092158, 0.8436921613415036, 0.6612937878308719, 0.6308202606261807, 0.7239700518448817, 0.8442717517743882, 0.4885160518818967, 0.6267560141342463, 0.4833345007820261, 0.6382315820821565, 0.6094514957393474, 0.7063798595154814, 0.6910357949777717, 0.7956874994242019, 0.3713051840019738, 0.23977761243533566, 0.4665156163488766, 0.1160614437221804, 0.5300010720529523, 0.4775981410923043, 0.009082081374241267, 0.795194448622599, 0.6770569352097076, 0.1027871350912175, 0.19237564717906017, 0.17577375349524454, 0.021482850058765046, 0.5616456625496796, 0.1815057888310977, 0.8033729100446315, 0.6024804869279252, 0.11122879445213253, 0.8561636995115611, 0.6347378819014081, 0.35055281012157447, 0.21365142668717663, 0.2969160819993585, 0.13598049067282236, 0.8382637314346045, 0.8225155488817876, 0.954839972862435, 0.831402278630663, 0.972922978601699, 0.46696047053895756, 0.5183489200091805, 0.20824702121067312, 0.6550201760968573, 0.6421999088551319, 0.6561938523704427, 0.8491217760910474, 0.11009216788679842, 0.6217390611342978, 0.24930496033129468, 0.9589107862765771, 0.24112606072159135, 0.3629926914306101, 0.2716050890843085, 0.21610745734041223, 0.7921608737112433, 0.3116097629416453, 0.0811469899628453, 0.05090011346202706, 0.20977855118707694, 0.6930419924155256, 0.9672788959155352, 0.6679280393596748, 0.33878831713502006, 0.7869249958366799, 0.6491621153473257, 0.4918644258322299, 0.6784026288871552, 0.7216323980429481, 0.017538649148632117, 0.7781125192780827, 0.3035618393282636, 0.9194244414697404, 0.9168109893817612, 0.46433268655044413, 0.177288450276331, 0.426313625388276, 0.5567219574833974, 0.09819999865710152, 0.34803252174921706, 0.8701058298592353, 0.013834868320816731, 0.3725794658030092, 0.03659637030851426, 0.8769560071942923, 0.38897745363979397, 0.15420405184453978, 0.817254682384617, 0.7483963097878489, 0.9995367684303553, 0.6419359758948302, 0.6119005091981784, 0.41145055203685676, 0.5035939845099207, 0.9593384202654037, 0.8980314252679125, 0.48611485590062453, 0.1230481862935619, 0.7310012151693013, 0.7994201436948145, 0.9743462092646311, 0.43490445568764086, 0.52387075201435, 0.5762874220730136, 0.3563584624820793, 0.25859471506599085, 0.7343867184134685, 0.9260865921974136, 0.6954946951816693, 0.8054971198725592, 0.05268044114626115, 0.31536918858040563, 0.6129636056221921, 0.42642515415064103, 0.19682884187298436, 0.5245767656686701, 0.11690427802261782, 0.6469727032015865, 0.8307374276571668, 0.645430316181308, 0.7269383596994589, 0.6366522799227566, 0.12892726846793312, 0.8533338203572508, 0.03078915379347423, 0.03471802369744434, 0.9036448284619735, 0.8218529150294062, 0.7915624021801677, 0.2206640104295557, 0.7624386031578361, 0.7980634564027399, 0.007888500534779791, 0.1893866598499015, 0.6375654583499629, 0.2725138849981849, 0.01053728288753445, 0.722288410358581, 0.46618063727394937, 0.13558572629822963, 0.15796310870670363, 0.5923759194422292, 0.31185059490747136, 0.9335465320420105, 0.5015860230669263, 0.12524768593950564, 0.8280552969907389, 0.558168962035614, 0.47001460128444184, 0.7068043811225144, 0.19901435182620683, 0.634122448448337, 0.8222401240318783, 0.421264732182319, 0.36182478374215576, 0.8570102162318199, 0.5956084741860602, 0.06990800100973862, 0.4569292557588938, 0.9652968663007407, 0.43918234650397847, 0.38309361470197173, 0.9666738554076, 0.7355724267263128, 0.3933118509076248, 0.7379742950087258, 0.9812824037495345, 0.3212549141074061, 0.12544402235653143, 0.30895708002360217, 0.4833252237863583, 0.8126231837583198, 0.02773830582972535, 0.02626244290925487, 0.6170122759448464, 0.20929427895462602, 0.27285435162149513, 0.886105886983396, 0.756251067937219, 0.8191904231807801, 0.4513919605456585, 0.36498644350882176, 0.7434416247138613, 0.9038556941122136, 0.14092258017115417, 0.8097055946866905, 0.7236682059864747, 0.5221933553047354, 0.0185479503063415, 0.736472106271752, 0.1264753658515762, 0.8483618214084514, 0.43529413699670455, 0.31020596333706796, 0.9705722828745736, 0.10903206993967393, 0.9428348949361348, 0.0700663919463549, 0.20467681191739234, 0.4538071377033708, 0.13979096708805952, 0.11224495277614063, 0.1733129848069311, 0.38218853852559526, 0.3092082582149199, 0.39140819974507, 0.03115040124828894, 0.7861641351395747, 0.2599047005548319, 0.19430592909357847, 0.16965750391252968, 0.9605004244193892, 0.42676380588319074, 0.4485188233500991, 0.9757274544682013, 0.5882430927753602, 0.39962959219861266, 0.6754265874655722, 0.707626234278945, 0.7140293617793962, 0.1840519322338718, 0.9422657278120303, 0.9464842397426569, 0.5935358162770833, 0.3263508966564162, 0.9526855898792228, 0.7533744357152677, 0.8642451000493213, 0.6939052723714854, 0.1578538110329656, 0.4689859557756431, 0.09809151502193002, 0.9887545339117748, 0.5098915211370428, 0.32689009601484587, 0.24992442543311008, 0.4145727991908448, 0.3449384926731495, 0.7358181726325714, 0.08736431339692265, 0.8753291253767791, 0.021711384612701026, 0.5449592265973124, 0.9392807480936517, 0.037493890283242244, 0.435483026790528, 0.012542943802961141, 0.6862876781618789, 0.3664892362550001, 0.1509438726840457, 0.7088383790554539, 0.6568896779770111, 0.38470451307730785, 0.06330518100122345, 0.6567435152844545, 0.4952422242307035, 0.8846705221608652, 0.13715516422121896, 0.7114736026158491, 0.14701802532650468, 0.45855816531209903, 0.35594434216259363, 0.1544509091354825, 0.5470956340303427, 0.3097668291214947, 0.29856164664236445, 0.2576803328845549, 0.1350659753138428, 0.7065492108910283, 0.9023830820466148, 0.33055389970041316, 0.5101584671088463, 0.04795676947772722, 0.7183135577767218, 0.5983057147629359, 0.21611433735371968, 0.980590297623417, 0.8818275358963208, 0.9304844495796863, 0.9226931194242181, 0.3363586180164373, 0.12656894031972682, 0.5875335483280375, 0.25981705499113195, 0.2239931724830511, 0.09112906171730155, 0.13139583956426695, 0.4379873489232485, 0.9496613254173154, 0.4631191349810686, 0.8557608807783261, 0.9583000135457137, 0.6655765484831097, 0.06260824617885057, 0.28194781174720607, 0.19289698490778007, 0.7749339023449765, 0.7247307176022366, 0.5010756388578469, 0.3539584784400033, 0.7951792470253429, 0.44079412201616225, 0.01940203318472641, 0.6414061326949313, 0.838506541751553, 0.8576135371542617, 0.6595837778824976, 0.8711004855277392, 0.3652918694765633, 0.385968966592481, 0.8993908802269666, 0.2114745559082294, 0.25848122685444863, 0.6666623634521515, 0.5980882959843055, 0.29873187290471315, 0.9083676079285111, 0.925393528850467, 0.16082872686143226, 0.14571236333338516, 0.8400023757554249, 0.6577409647410362, 0.8828843694468053, 0.941884152051037, 0.0019761457254279437, 0.19909750104072982, 0.7442857662660312, 0.03800935521384041, 0.06932657319117606, 0.6815689848960603, 0.7916152144015448, 0.4939922012925616, 0.13767889251748036, 0.6840554981915946, 0.23633499904760807, 0.3828512059488937, 0.2570350256541944, 0.5156324513258788, 0.9282674081861981, 0.9720937410668012, 0.7689607977976384, 0.8349560755797916, 0.8388470177857585, 0.26334592159842274, 0.42335725239737176, 0.5493923505054056, 0.2622315267555332, 0.07613667009297434, 0.03757469784942909, 0.07527308086627948, 0.30620376117203635, 0.6235764015986917, 0.00992701550392493, 0.5799465077818834, 0.480704416349536, 0.8248962051400801, 0.9319630643397294, 0.3965782382927496, 0.6934845073383005, 0.3047688027625818, 0.06440676658227591, 0.5773137214103303, 0.8695129039658491, 0.7666977230837816, 0.7012939907011083, 0.38846751242944094, 0.7589026370926448, 0.512266970300084, 0.2490670332430053, 0.24809416293233752, 0.05624517667477982, 0.8337584459165476, 0.9281924847051025, 0.08601084627351031, 0.27362811525246816, 0.5023900371713503, 0.06962602282873381, 0.1271577919084217, 0.2645459641517843, 0.728648263058862, 0.8674643372747297, 0.015944808951905004, 0.18739221649215834, 0.2236120064488092, 0.06785060914198744, 0.8341532392447989, 0.604781669681262, 0.7696634800516038, 0.4177509244121286, 0.9842538210312045, 0.17493988620479037, 0.31158609681848, 0.07556445579903158, 0.38934500696961294, 0.7177571486840882, 0.8179800875810895, 0.41932667185412387, 0.9532102194089263, 0.6699558362520454, 0.4045253080598839, 0.5940590133797452, 0.701053629963451, 0.4360840548322993, 0.150306820662908, 0.285652198319494, 0.3331136105279902, 0.06327095874798895, 0.565574228549604, 0.754781797700985, 0.8835293259318223, 0.13967008641918524, 0.07042747441823292, 0.6311641884983584, 0.6907562590948478, 0.6267029100768098, 0.8890048394570876, 0.9271094878810227, 0.6083657824312404, 0.715681054323087, 0.8478237249654942, 0.022376560669342592, 0.33563676405000586, 0.654468122188146, 0.7072805109325787, 0.1302760464694612, 0.1948892662958491, 0.8715314679709761, 0.6059360093851331, 0.19810723788027942, 0.03349214453990094, 0.3884692600745135, 0.9464101113297987, 0.7648377244647065, 0.25407960636666765, 0.20733044321253366, 0.1632806857564452, 0.3130667995215142, 0.24512642661205594, 0.6404091216513011, 0.5327685866089259, 0.7582086540923446, 0.4234196621739528, 0.7011373791074688, 0.32906319455467997, 0.43251887777251113, 0.29039743775081417, 0.5907610624916803, 0.6717679062233768, 0.7899749290862097, 0.2926482767353644, 0.3867295521066206, 0.3493196302956529, 0.31894897661903476, 0.3168676760623982, 0.9363080474585748, 0.555945846855075, 0.5506842952593365, 0.2591954074982489, 0.505811933814171, 0.20837105808941814, 0.9513457958513435, 0.39137880914203677, 0.7066274578799666, 0.20264245921683804, 0.3188629060293709, 0.505178677639294, 0.7913312368200298, 0.24896544201831716, 0.03681292435677428, 0.6383547013148458, 0.9882353834884835, 0.5522127959109273, 0.7332365717514521, 0.4669052525097335, 0.17718789725314302, 0.7943849379870971, 0.366468196875253, 0.9101836954320447, 0.25728623065410694, 0.5413174072095046, 0.05771360910883327, 0.8030580289996976, 0.8180017474816924, 0.4735607014255879, 0.8239191472877726, 0.9920709985065458, 0.20097539291261407, 0.8482454495425781, 0.13223384829522652, 0.288333723655473, 0.92747897078334, 0.8299791815768206, 0.6742931962759016, 0.6687315576263804, 0.6195046627342642, 0.6585239192983129, 0.9289158686474124, 0.6678069603345381, 0.4620269442437844, 0.6161251914421588, 0.9183345782304643, 0.37700543391231667, 0.1711537831323409, 0.10773751816349257, 0.13426426033902922, 0.021814267618693896, 0.8805294797843536, 0.6234301421741121, 0.2704422432225393, 0.2874609896985038, 0.4790024136641779, 0.25455495488947855, 0.9482129685822821, 0.8577184852384485, 0.2527913520303911, 0.4283406243830948, 0.4932800429981143, 0.45531430381882376, 0.2972112440271387, 0.40811668369728293, 0.8190234242284326, 0.48400476192304825, 0.8023351886755824, 0.9354805100987431, 0.7124583590488279, 0.9340499129795302, 0.7502008166587507, 0.20557181320272042, 0.8138708427796931, 0.7787005617876019, 0.6765243467897936, 0.9873060600177949, 0.21601304780742897, 0.2996038586709986, 0.3687938287382611, 0.29773995618186033, 0.09178072601872891, 0.12932641325547797, 0.6434880466270468, 0.26764170642245616, 0.2146138720852003, 0.6776380222323913, 0.5419612444991256, 0.17023541638307152, 0.18686643620985935, 0.4551711829505758, 0.1936102970795397, 0.6213613199474464, 0.3411386498013089, 0.7604590523674039, 0.5309140416667624, 0.8782855022196159, 0.399550839712182, 0.46564201341311573, 0.6000974978984532, 0.3912702263907473, 0.9972342234823335, 0.8313925788941983, 0.5298288500829897, 0.023208988251336674, 0.5501583695846453, 0.23922641077323015, 0.9121285474547103, 0.3328451841765155, 0.5235050723605985, 0.7676416456850089, 0.8501814308095657, 0.27715808296815775, 0.6112499440998204, 0.17695463574119497, 0.9002947976258383, 0.9456403932206564, 0.634032458639679, 0.5304503408445068, 0.8279008723626095, 0.8510981148287993, 0.36923185757725163, 0.8882884462724973, 0.17059145258313332, 0.8759507006477519, 0.9806010445039797, 0.3370295461340482, 0.2966424605290413, 0.08003769474422052, 0.43999449646623906, 0.48323156530464173, 0.599007843519513, 0.019225509891311995, 0.8472571784586761, 0.9013845320155566, 0.4081924897348122, 0.40029750747751874, 0.8327429019953454, 0.7602349125731783, 0.8338876548244241, 0.08231033633977891, 0.24743597448396834, 0.4797489888430753, 0.47560766477799554, 0.6462003773067316, 0.45714863611910334, 0.6494750718770902, 0.9946541821245832, 0.7968209941843144, 0.3598665308204437, 0.24160142296670994, 0.6619106506084548, 0.30397977864320763, 0.2640624374725186, 0.25858217910702647, 0.21120770411557327, 0.7763503857604876, 0.951080060327682, 0.1599277267606227, 0.8377172422489052, 0.09747436657013861, 0.2612812104325015, 0.390883358307232, 0.18280755258903056, 0.6959383383496325, 0.009179323302677012, 0.8497041466783294, 0.19029057682164485, 0.4312687556263868, 0.6743974323930476, 0.2422420957670014, 0.026198110400569966, 0.4308425589987358, 0.5517267826562626, 0.2155590704581417, 0.2723432073208876, 0.8543204040807827, 0.476296913480196, 0.408371365129789, 0.11763690344415743, 0.007382882308771819, 0.8295480966952298, 0.8784181254957891, 0.880960560458916, 0.6199739314589884, 0.7990145858044083, 0.03448938508959998, 0.7200659453215996, 0.7043162186267675]

X_aleatório_inicial:
[0.46850994981425653, 0.4330094453978035, 0.6459563052104391, 0.03894607875194667, 0.7251399364730302, 0.44653686038937435, 0.7787275420726133, 0.513299336771249, 0.29470560824125946, 0.5523464131297787, 0.25704103636479725, 0.4191938633796758, 0.6601882444421043, 0.24743973077533266, 0.23898665359896554, 0.12478917125372635, 0.7979070936771503, 0.6489768963155026, 0.7478530765985171, 0.08862096245419693, 0.9790776558482388, 0.10022438582959692, 0.6835522770569484, 0.321449559257716, 0.5956958615156098, 0.2549734150443381, 0.5570648828090964, 0.13418955188146042, 0.21029673780921576, 0.8436921613415035, 0.6612937878308721, 0.6308202606261808, 0.7239700518448816, 0.8442717517743882, 0.48851605188189673, 0.6267560141342464, 0.4833345007820261, 0.6382315820821566, 0.6094514957393474, 0.7063798595154815, 0.6910357949777717, 0.7956874994242019, 0.3713051840019739, 0.23977761243533569, 0.4665156163488767, 0.11606144372218041, 0.5300010720529523, 0.47759814109230436, 0.009082081374241269, 0.7951944486225991, 0.6770569352097077, 0.10278713509121751, 0.1923756471790602, 0.1757737534952446, 0.021482850058765046, 0.5616456625496795, 0.1815057888310977, 0.8033729100446314, 0.6024804869279251, 0.11122879445213252, 0.8561636995115612, 0.6347378819014081, 0.35055281012157447, 0.21365142668717663, 0.2969160819993585, 0.13598049067282236, 0.8382637314346044, 0.8225155488817876, 0.9548399728624349, 0.831402278630663, 0.9729229786016989, 0.4669604705389576, 0.5183489200091805, 0.20824702121067318, 0.6550201760968573, 0.642199908855132, 0.6561938523704428, 0.8491217760910474, 0.11009216788679843, 0.6217390611342977, 0.24930496033129468, 0.958910786276577, 0.24112606072159137, 0.3629926914306101, 0.2716050890843086, 0.21610745734041226, 0.7921608737112436, 0.31160976294164533, 0.0811469899628453, 0.05090011346202705, 0.209778551187077, 0.6930419924155257, 0.9672788959155353, 0.6679280393596748, 0.3387883171350201, 0.78692499583668, 0.6491621153473258, 0.49186442583223, 0.6784026288871553, 0.7216323980429482, 0.017538649148632124, 0.7781125192780829, 0.30356183932826475, 0.9194244414697419, 0.9168109893817629, 0.4643326865504457, 0.17728845027633255, 0.42631362538827755, 0.5567219574833989, 0.09819999865710305, 0.3480325217492186, 0.870105829859237, 0.01383486832081815, 0.3725794658030105, 0.03659637030851537, 0.8769560071942925, 0.38897745363979397, 0.15420405184453978, 0.8172546823846171, 0.7483963097878489, 0.9995367684303554, 0.6419359758948302, 0.6119005091981783, 0.4114505520368569, 0.5035939845099208, 0.9593384202654038, 0.8980314252679125, 0.48611485590062464, 0.12304818629356196, 0.7310012151693015, 0.7994201436948147, 0.9743462092646347, 0.4349044556877555, 0.5238707520144803, 0.5762874220731595, 0.3563584624822307, 0.2585947150661442, 0.7343867184136226, 0.9260865921975677, 0.6954946951818233, 0.8054971198727124, 0.052680441146411905, 0.31536918858054974, 0.6129636056223177, 0.4264251541507543, 0.19682884187298655, 0.5245767656686701, 0.11690427802261782, 0.6469727032015866, 0.830737427657167, 0.645430316181308, 0.726938359699459, 0.6366522799227567, 0.12892726846793312, 0.8533338203572508, 0.030789153793474244, 0.03471802369744437, 0.9036448284619738, 0.8218529150294065, 0.7915624021801682, 0.22066401042955908, 0.7624386031580628, 0.7980634564145085, 0.007888500548053679, 0.18938665986477365, 0.6375654583653988, 0.27251388501381857, 0.010537282903234635, 0.7222884103742959, 0.46618063728964376, 0.1355857263138437, 0.15796310872208175, 0.5923759194569344, 0.31185059492027, 0.9335465320536477, 0.5015860230670406, 0.12524768593950564, 0.8280552969907389, 0.5581689620356141, 0.47001460128444184, 0.7068043811225144, 0.19901435182620686, 0.6341224484483371, 0.8222401240318786, 0.4212647321823192, 0.3618247837421559, 0.8570102162318205, 0.5956084741860606, 0.06990800100973871, 0.4569292557588952, 0.9652968663008556, 0.4391823465157473, 0.38309361471493875, 0.9666738554222143, 0.7355724267426879, 0.39331185092461984, 0.7379742950259384, 0.9812824037668203, 0.3212549141247081, 0.1254440223738108, 0.30895708004079325, 0.4833252238032898, 0.8126231837745114, 0.027738305843815758, 0.02626244292207769, 0.6170122759449733, 0.20929427895462605, 0.2728543516214952, 0.8861058869833959, 0.7562510679372191, 0.81919042318078, 0.45139196054565855, 0.3649864435088218, 0.743441624713863, 0.9038556941122157, 0.14092258017115622, 0.8097055946866928, 0.7236682059864771, 0.5221933553047378, 0.018547950306344818, 0.7364721062718877, 0.1264753658652129, 0.8483618214234643, 0.43529413701400643, 0.31020596335772366, 0.9705722828952297, 0.10903206996033077, 0.9428348949567918, 0.07006639196701292, 0.20467681193805032, 0.45380713772402903, 0.13979096710871786, 0.11224495279679891, 0.17331298482288904, 0.3821885385396313, 0.3092082582150588, 0.39140819974507013, 0.03115040124828894, 0.7861641351395748, 0.25990470055483184, 0.19430592909357847, 0.16965750391252976, 0.9605004244193933, 0.4267638058833366, 0.4485188233502829, 0.975727454468404, 0.588243092775563, 0.39962959219881533, 0.6754265874657749, 0.7076262342791491, 0.7140293617797523, 0.18405193224990202, 0.9422657278296771, 0.9464842397633122, 0.5935358162977389, 0.3263508966770723, 0.9526855898998797, 0.7533744357359252, 0.8642451000699793, 0.6939052723921435, 0.15785381105362395, 0.46898595579630153, 0.0980915150425884, 0.9887545339284175, 0.5098915211517876, 0.32689009601499186, 0.2499244254331101, 0.4145727991908448, 0.3449384926731496, 0.7358181726325714, 0.08736431339692263, 0.8753291253767821, 0.021711384612988938, 0.5449592266122819, 0.9392807481124048, 0.037493890303891164, 0.4354830268111767, 0.012542943823609765, 0.6862876781825279, 0.36648923627564933, 0.150943872704696, 0.7088383790761054, 0.6568896779976637, 0.3847045130979625, 0.06330518102187876, 0.6567435153051103, 0.4952422242513602, 0.8846705221815226, 0.1371551642418768, 0.7114736026365072, 0.1470180253471629, 0.4585581653327574, 0.355944342183252, 0.1544509091523557, 0.5470956340453876, 0.30976682912164366, 0.2985616466423645, 0.25768033288455494, 0.1350659753138428, 0.7065492108910282, 0.9023830820466147, 0.33055389970056137, 0.5101584671238129, 0.04795676949421934, 0.7183135577973705, 0.5983057147835849, 0.21611433737436836, 0.9805902976440656, 0.8818275359169697, 0.9304844496003356, 0.9226931194448684, 0.33635861803708866, 0.12656894034037935, 0.5875335483486914, 0.25981705501178687, 0.22399317250370676, 0.09112906173795798, 0.13139583958492407, 0.4379873489439061, 0.949661325437973, 0.46311913500172674, 0.8557608807989844, 0.958300013566372, 0.6655765484999433, 0.06260824619388683, 0.28194781174735495, 0.19289698490778007, 0.7749339023449765, 0.7247307176022366, 0.5010756388578469, 0.3539584784400033, 0.795179247025496, 0.4407941220316326, 0.019402033201759372, 0.6414061327155804, 0.8385065417722021, 0.8576135371749102, 0.6595837779031458, 0.8711004855483876, 0.36529186949721204, 0.3859689666131312, 0.8993908802476178, 0.21147455592888198, 0.25848122687510244, 0.6666623634728064, 0.5980882960049608, 0.2987318729253694, 0.9083676079491683, 0.9253935288711246, 0.16082872688208982, 0.14571236335404303, 0.840002375776083, 0.6577409647616946, 0.8828843694632552, 0.9418841520657855, 0.001976145725573919, 0.19909750104072987, 0.7442857662660313, 0.03800935521384041, 0.06932657319117608, 0.6815689848960602, 0.7916152144016995, 0.4939922013082052, 0.13767889253470367, 0.6840554982122431, 0.23633499906825672, 0.38285120596954225, 0.2570350256748427, 0.5156324513465268, 0.9282674082068461, 0.972093741085555, 0.7689607978154949, 0.8349560755974419, 0.8388470178041233, 0.26334592161706827, 0.42335725241617195, 0.5493923505244034, 0.2622315267749885, 0.07613667011363145, 0.03757469787008627, 0.07527308088276097, 0.3062037611871712, 0.6235764016151368, 0.009927015519127669, 0.5799465077961322, 0.48070441634967587, 0.8248962051400803, 0.9319630643397294, 0.3965782382927495, 0.6934845073383005, 0.3047688027625818, 0.06440676658243139, 0.5773137214260342, 0.8695129039831391, 0.76669772310443, 0.7012939907217569, 0.38846751245008937, 0.7589026371132931, 0.5122669703207315, 0.24906703326365287, 0.2480941629500738, 0.05624517669093476, 0.8337584459320401, 0.9281924847054311, 0.0860108462736946, 0.2736281152526542, 0.5023900371717159, 0.06962602284748676, 0.1271577919290784, 0.26454596417244114, 0.7286482630699861, 0.8674643372831976, 0.015944808952146006, 0.1873922164923082, 0.22361200644894785, 0.06785060914199015, 0.8341532392447989, 0.6047816696812621, 0.7696634800516037, 0.4177509244121286, 0.9842538210312045, 0.17493988620494605, 0.311586096834205, 0.07556445581634474, 0.38934500699026076, 0.7177571487047362, 0.8179800876017372, 0.41932667187477124, 0.9532102194295731, 0.669955836272692, 0.40452530807704645, 0.5940590133948955, 0.7010536299776874, 0.4360840548324404, 0.15030682066291112, 0.2856521983194966, 0.33311361052807087, 0.06327095875590982, 0.5655742285583217, 0.7547817977081495, 0.8835293259318225, 0.13967008641918532, 0.07042747441823294, 0.6311641884983584, 0.6907562590948477, 0.6267029100768098, 0.8890048394570877, 0.9271094878810224, 0.6083657824312405, 0.715681054323087, 0.8478237249654943, 0.022376560669498335, 0.33563676406573817, 0.6544681222054671, 0.7072805109532262, 0.1302760464901086, 0.1948892663164966, 0.8715314679916233, 0.6059360094057802, 0.19810723790092633, 0.03349214455673333, 0.38846926008907556, 0.9464101113433024, 0.7648377244648392, 0.25407960636666904, 0.2073304432125337, 0.16328068575660093, 0.3130667995372487, 0.24512642662937933, 0.6404091216719477, 0.5327685866295727, 0.7582086541129917, 0.4234196621945999, 0.701137379128116, 0.32906319457532707, 0.4325188777891523, 0.29039743776503324, 0.5907610625047567, 0.6717679062235051, 0.7899749290862111, 0.2926482767353644, 0.3867295521067763, 0.3493196303113877, 0.31894897663635857, 0.3168676760830439, 0.936308047479221, 0.5559458468757215, 0.5506842952799834, 0.259195407518896, 0.505811933834818, 0.2083710581059478, 0.9513457958653623, 0.3913788091548638, 0.7066274578800924, 0.20264245921683932, 0.31886290602937084, 0.5051786776394497, 0.7913312368357646, 0.24896544203564097, 0.03681292437742045, 0.6383547013354921, 0.9882353835091298, 0.552212795931574, 0.7332365717720991, 0.4669052525303806, 0.17718789726960749, 0.7943849380009985, 0.3664681968879342, 0.9101836954321689, 0.25728623065410816, 0.5413174072095046, 0.05771360910898904, 0.8030580290154323, 0.818001747499016, 0.47356070144623386, 0.8239191473084186, 0.9920709985271923, 0.20097539293326083, 0.8482454495632249, 0.13223384831587326, 0.28833372367189913, 0.9274789707971727, 0.8299791815894164, 0.6742931962760249, 0.6687315576263815, 0.6195046627342643, 0.6585239192984687, 0.9289158686631461, 0.6678069603518606, 0.4620269442644305, 0.6161251914628049, 0.9183345782511105, 0.37700543393296315, 0.17115378315298746, 0.10773751818413924, 0.1342642603554327, 0.021814267632486395, 0.880529479796899, 0.623430142174235, 0.2704422432225405, 0.28746098969850387, 0.4790024136643336, 0.25455495490520796, 0.9482129685996001, 0.8577184852590944, 0.2527913520510372, 0.4283406244037409, 0.4932800430187605, 0.45531430383947025, 0.2972112440477853, 0.40811668371367193, 0.8190234242422002, 0.4840047619355631, 0.8023351886757051, 0.9354805100987444, 0.712458359048828, 0.9340499129796855, 0.7502008166744565, 0.20557181322002782, 0.813870842800339, 0.778700561808248, 0.6765243468104394, 0.9873060600384411, 0.2160130478280755, 0.2996038586916451, 0.3687938287546384, 0.2977399561956109, 0.09178072603122434, 0.12932641325559935, 0.6434880466270481, 0.2676417064224562, 0.21461387208520188, 0.6776380222325442, 0.5419612444992953, 0.17023541638327366, 0.18686643621006183, 0.4551711829507784, 0.1936102970797422, 0.621361319947649, 0.3411386498015109, 0.7604590523675648, 0.5309140416668974, 0.8782855022197376, 0.3995508397121844, 0.46564201341311573, 0.6000974978984533, 0.3912702263907474, 0.9972342234823345, 0.8313925788941997, 0.529828850082992, 0.023208988251338658, 0.5501583695846473, 0.23922641077323215, 0.9121285474547124, 0.33284518417651754, 0.5235050723606003, 0.7676416456850105, 0.8501814308095667, 0.2771580829681578, 0.6112499440998205, 0.17695463574119497, 0.9002947976258385, 0.9456403932206565, 0.6340324586396789, 0.5304503408445069, 0.8279008723626096, 0.8510981148287994, 0.36923185757725163, 0.8882884462724974, 0.17059145258313335, 0.875950700647752, 0.9806010445039798, 0.33702954613404823, 0.2966424605290414, 0.08003769474422051, 0.4399944964662391, 0.48323156530464184, 0.5990078435195131, 0.019225509891311998, 0.8472571784586764, 0.9013845320155567, 0.40819248973481226, 0.4002975074775188, 0.8327429019953456, 0.7602349125731784, 0.8338876548244241, 0.08231033633977891, 0.24743597448396837, 0.47974898884307526, 0.47560766477799543, 0.6462003773067316, 0.4571486361191034, 0.6494750718770903, 0.9946541821245835, 0.7968209941843143, 0.35986653082044373, 0.24160142296670994, 0.6619106506084548, 0.3039797786432077, 0.26406243747251856, 0.2585821791070265, 0.21120770411557332, 0.7763503857604876, 0.951080060327682, 0.15992772676062272, 0.8377172422489051, 0.09747436657013864, 0.2612812104325015, 0.3908833583072321, 0.1828075525890306, 0.6959383383496324, 0.009179323302677012, 0.8497041466783295, 0.19029057682164485, 0.4312687556263868, 0.6743974323930477, 0.2422420957670014, 0.026198110400569963, 0.4308425589987358, 0.5517267826562625, 0.2155590704581417, 0.27234320732088757, 0.8543204040807828, 0.4762969134801961, 0.408371365129789, 0.11763690344415745, 0.007382882308771821, 0.82954809669523, 0.8784181254957893, 0.8809605604589162, 0.6199739314589884, 0.7990145858044085, 0.03448938508959998, 0.7200659453215997, 0.7043162186267676]

Erro da solução (|Ax - b|): 4.973669215869272e-09
Erro (|Ax - b|)/|b| 3.92404231724175e-16
Erro no vetor x: 3.01192487169138e-10

Tempo de execução: 11.410308361053467
