Solução x:
[0.2907310204020663, 0.5297468731511857, 0.3347242854583599, 0.7691764159809765, 0.643089964420952, 0.8516299946750219, 0.006358983919207835, 0.02584202415197581, 0.8843187469150781, 0.9397403161791856, 0.160069050136612, 0.17837566304990152, 0.5283289277144384, 0.19972929675536094, 0.5274677031365609, 0.9770004047930351, 0.42832420099930557, 0.18149364767552817, 0.8522312455705181, 0.3455393327533659, 0.958435712557728, 0.5736686998627059, 0.4433750310049297, 0.7502996125292094, 0.06151954025076429, 0.17427901442492566, 0.1643920563213627, 0.4921316516167483, 0.7053568377486525, 0.756177876135682, 0.6584033027925744, 0.7775888774580789, 0.017466224676252893, 0.07221319026335171, 0.5777567326569943, 0.39892961088781126, 0.46177671886684746, 0.13895705161586558, 0.01226023786366686, 0.6716960906392405, 0.38219907152338695, 0.8179640357276896, 0.023579174052393383, 0.23904297837719257, 0.854793615906762, 0.3662869086090393, 0.5405667404331417, 0.3167146883358113, 0.6798009850978703, 0.7810478617513383, 0.10011843086599728, 0.9180592232340914, 0.7948876852566086, 0.12208093582315839, 0.9746627173306799, 0.4270125482940411, 0.1478346434085443, 0.1941121635161383, 0.19368176138435758, 0.6077340402270959, 0.30968546703828675, 0.6670054404433315, 0.4299432496451621, 0.22953445797538666, 0.41662782444199636, 0.019998386381383133, 0.4133819126150975, 0.35582473961481, 0.4715163619020199, 0.12566052503637093, 0.23829837190370956, 0.49964700387335986, 0.09162080080838579, 0.3683743673689426, 0.3335110863161396, 0.11034570400155035, 0.302577760823664, 0.2325261641234765, 0.205518103208851, 0.21695320175305952, 0.6523205981156214, 0.2393959605805671, 0.5400474087140057, 0.40292888679086314, 0.5670295443592418, 0.9712255301503706, 0.9242782076667291, 0.23084909309682686, 0.05216513746575496, 0.012668405028018944, 0.9675028922613497, 0.7738088529708654, 0.704204725563235, 0.9885094841970464, 0.9912920715436868, 0.4769409967354594, 0.6715318548673009, 0.24290288312708777, 0.07822125140261788, 0.7573982214244852, 0.961315371317919, 0.3125276305209004, 0.22497433420795881, 0.7161187074918904, 0.37916268947260073, 0.14265301661802232, 0.22993765658916673, 0.3281707637221696, 0.19121440532774542, 0.4649746922034672, 0.3860615080576156, 0.4639091211705132, 0.5361229716050981, 0.8485466452399011, 0.8052480437874998, 0.15227355194753098, 0.9677800018726026, 0.2072232195423008, 0.1877097031355279, 0.6138913957973029, 0.3428936018459065, 0.6130427506052497, 0.33564091509706584, 0.41227830728801357, 0.047550166360760544, 0.031458587672561766, 0.9039597682683178, 0.6746234044220681, 0.34670298612879275, 0.6393148130130887, 0.5259301897225503, 0.5452591726602198, 0.3117382930375112, 0.6428202558753229, 0.29783467111604206, 0.8368791608585103, 0.14570231957627333, 0.7498777230452127, 0.9740591311189428, 0.9965176328966246, 0.4536278408369193, 0.3087840129848408, 0.6841562665269413, 0.5469846308640642, 0.6804828547564258, 0.06581479880209043, 0.938147949528365, 0.25547603113067613, 0.9849639791087466, 0.7867512715091823, 0.42158201993647004, 0.5313606804141403, 0.6173790976707838, 0.566342523098545, 0.9744138543377435, 0.3477096652915148, 0.705834079041795, 0.13244718161605593, 0.05781865782769756, 0.2646036856802538, 0.00577129909117939, 0.428064963735248, 0.648401698573173, 0.8197882117868578, 0.6726695795142587, 0.027392596114501244, 0.1174467060376652, 0.3560868925469502, 0.915146230420939, 0.49037583771649385, 0.2167459921407754, 0.7785657317375685, 0.15134778125725512, 0.9943746926152325, 0.05190274061511977, 0.47811390888406824, 0.35641053626734315, 0.29754234144137887, 0.9780108207676926, 0.871478410512377, 0.5863911941269734, 0.4066604279791799, 0.1854390108067467, 0.1750101689275202, 0.9729191342522149, 0.6932164506563434, 0.7762761456866001, 0.08863569999588479, 0.9592823041923763, 0.8760373818334857, 0.5142285818116994, 0.5625178618047934, 0.6533414888178208, 0.7419633577429954, 0.9028976434092365, 0.9529152863248017, 0.8534714679151271, 0.030820599427908886, 0.15170506728753796, 0.5295428925675951, 0.5044701018828427, 0.35156388191819116, 0.5046020400808098, 0.03373601298688464, 0.7667716898806402, 0.5815271593973924, 0.8948588718868877, 0.07528899981210448, 0.044126962083054826, 0.6362438771269078, 0.9808956602445795, 0.6914686858406298, 0.44791830782579867, 0.8211906938273157, 0.4007316183357577, 0.530164655433006, 0.21284989797055767, 0.5244404489607281, 0.596519519932567, 0.5797719973523835, 0.0742643236177659, 0.8620386775295903, 0.86049954106376, 0.08240493385253585, 0.0963163980807967, 0.9781776615365636, 0.15810324525946415, 0.5129731510574967, 0.8244520052843383, 0.8933941839426108, 0.6698073491061486, 0.15183547753987747, 0.6670728742524439, 0.8405032538734735, 0.06794294970418087, 0.7043314908841182, 0.2361924788466871, 0.3203621502618, 0.3746579180787027, 0.8521069097396966, 0.8576678770106712, 0.41595910563212607, 0.8500992924711605, 0.9568557259014748, 0.8891620129677112, 0.480683126695928, 0.2154898520438154, 0.14148269354240992, 0.42200225517880796, 0.9025679754987027, 0.7411934481490771, 0.035168656383015216, 0.9287984841539328, 0.15924435864675412, 0.7159622268510974, 0.06433211732693288, 0.2377592313433885, 0.13512482113809723, 0.5052593146126647, 0.5776459954558283, 0.6250171075751627, 0.9034236132019187, 0.8506381098809579, 0.4620745558752814, 0.3561396149998798, 0.8753895071687292, 0.9238704692020971, 0.05962109526901172, 0.17231552666423056, 0.7538808611046083, 0.8996895300941132, 0.468441483155364, 0.19906713222907216, 0.3946710606221314, 0.17793904962038978, 0.16281237249500632, 0.48278078636005733, 0.17118806474605117, 0.7744157572798275, 0.6914332684467435, 0.0692230414200362, 0.0031069573837601066, 0.8592144921708763, 0.6131429938279488, 0.8970193063601474, 0.10881754349225006, 0.6516441728483873, 0.8897851451619739, 0.7002413340754315, 0.5702422550053468, 0.4214339221313851, 0.8940059623321809, 0.5689260973334417, 0.5129888362196329, 0.3101591841755663, 0.7908470482022845, 0.07789698557603164, 0.49531814321611994, 0.2938683344263785, 0.84965961229867, 0.8819992185767669, 0.9537616946234408, 0.17671608598866032, 0.2472263121876558, 0.59052744646763, 0.05459710315761641, 0.6074953281965395, 0.12783599744858967, 0.5658488363699556, 0.09254215126459171, 0.29861470421432373, 0.8425617185224035, 0.3717971491738474, 0.7483064321225219, 0.27864847391741876, 0.36541122494387684, 0.016137254795612628, 0.09188487763808038, 0.18273195442709453, 0.3543285613781463, 0.046598486395719785, 0.34937752984616866, 0.7933510857885533, 0.2887744720353221, 0.24192931236257803, 0.7644646208416231, 0.9574927120991897, 0.5009745844167693, 0.5795215487848462, 0.09357663140246077, 0.40782145646286994, 0.8451885911813375, 0.29554723368808133, 0.732626164571118, 0.7107272414113427, 0.21071942172755728, 0.6213053777772387, 0.7338467015835328, 0.9913766269741479, 0.30141530155146423, 0.9884704276437545, 0.36668501778279106, 0.0031267339284911312, 0.07881203110506206, 0.30509577417894507, 0.6566586129384003, 0.9478696941526785, 0.5022257397874467, 0.15102738310994349, 0.7614003593892078, 0.7000335334737358, 0.8811342013100558, 0.7077004905005887, 0.883755953133612, 0.3720650837254224, 0.05397907987384398, 0.00781633016650086, 0.5653660059584525, 0.21168570404882986, 0.6118191369811729, 0.7158710983324073, 0.48823493654141575, 0.09072434990805855, 0.6794578953347963, 0.027602932552354503, 0.6811585357257426, 0.7446804834227972, 0.9290580709211548, 0.6623868020471954, 0.48516074791776237, 0.9270109835605437, 0.7148005697838885, 0.6921884982656245, 0.8043062905536279, 0.34564332893837163, 0.4939329373360421, 0.5840922498952348, 0.35301374940690877, 0.27382048650145274, 0.5970450155480959, 0.6032607216300911, 0.6633648707450448, 0.5525562666705321, 0.4108374894102563, 0.976167353607442, 0.6452013697072653, 0.4416622185754454, 0.3177456934226265, 0.9394046928723002, 0.17275417153250414, 0.6297580250714109, 0.3292665785898177, 0.849592381021621, 0.368232459726816, 0.22011020204178966, 0.17615453445665072, 0.4047287251825668, 0.602673837812591, 0.9248167768459551, 0.7032263721236058, 0.6835306126518692, 0.17417769917546935, 0.5177918649065141, 0.906754489858801, 0.1403741482405135, 0.6626127424402903, 0.0769130587007264, 0.4584409466460704, 0.01859433752848615, 0.6604301441493617, 0.46986028991132167, 0.00751941891498486, 0.8517129725522407, 0.25131629629475943, 0.5647604928484177, 0.6169969834658093, 0.3746950413244401, 0.35661891890851205, 0.7458342734731012, 0.8004075356137068, 0.6703969781441251, 0.1879745038077328, 0.25971960419428913, 0.8374965748151669, 0.9458059586440349, 0.030455821946730986, 0.9387062795664566, 0.12195149239653415, 0.27159722706131006, 0.2717430559579124, 0.5330382899510046, 0.5822350236160677, 0.16103198509310523, 0.8875160115598862, 0.9723548524452178, 0.11794063848481892, 0.10629645200084843, 0.6716126481799353, 0.6364424017592989, 0.7797449739052055, 0.6799573034211269, 0.2992658482070508, 0.11863159866709369, 0.7732966016142346, 0.596648551338698, 0.1438887754454885, 0.38383771912991826, 0.9562878963673842, 0.9647874312909909, 0.8532255542174167, 0.560337372734242, 0.846852504013166, 0.6554059612607663, 0.7376943275812505, 0.4387808280296671, 0.10153069481852595, 0.004329674972380538, 0.4696455000624887, 0.9219143065751726, 0.0097896452220168, 0.0010465591552219012, 0.07838261387781593, 0.8623045626094814, 0.17294827253886985, 0.41950573603052865, 0.7391242245617252, 0.8340480698258469, 0.7194254308966157, 0.9448403127925366, 0.3640677153553419, 0.9703074863641704, 0.3570372883774553, 0.4797494205335945, 0.8311094440605099, 0.47052219168825365, 0.5695314728315816, 0.2860457493864018, 0.3774428291778085, 0.22704719150559405, 0.687452497070199, 0.5181706027664438, 0.2473137966286694, 0.28804887327368334, 0.9300837457120193, 0.7873136028311528, 0.39954153988301055, 0.6185474491869283, 0.5707000628191913, 0.21174247607423477, 0.40859125651363876, 0.45036678388893303, 0.3113610908305298, 0.35899235079846636, 0.1339592787866157]

X_aleatório_inicial:
[0.2907310204020681, 0.5297468731518197, 0.3347242854589726, 0.7691764159816106, 0.6430899644215915, 0.8516299946756325, 0.0063589839198365805, 0.025842024152609944, 0.8843187469156717, 0.9397403161798243, 0.1600690501372002, 0.17837566305018038, 0.5283289277147175, 0.19972929675563977, 0.52746770313684, 0.977000404793314, 0.4283242009996828, 0.18149364767615694, 0.852231245570797, 0.34553933275374304, 0.9584357125581052, 0.573668699863483, 0.44337503100570685, 0.7502996125297821, 0.06151954025133688, 0.17427901442554838, 0.16439205632196008, 0.49213165161734573, 0.7053568377492464, 0.756177876136296, 0.658403302793188, 0.7775888774587079, 0.01746622467683545, 0.07221319026393425, 0.5777567326575835, 0.39892961088839307, 0.4617767188674462, 0.13895705161639516, 0.012260237864186951, 0.671696090639805, 0.3821990715240855, 0.8179640357283859, 0.02357917405308818, 0.23904297837784194, 0.8547936159074894, 0.3662869086090358, 0.5405667404338427, 0.316714688336448, 0.6798009850984649, 0.7810478617519309, 0.10011843086668448, 0.9180592232347033, 0.7948876852572438, 0.12208093582375645, 0.9746627173312744, 0.4270125482946674, 0.1478346434089507, 0.19411216351676752, 0.19368176138498683, 0.607734040227725, 0.30968546703888367, 0.6670054404439631, 0.4299432496457657, 0.22953445797599026, 0.4166278244425853, 0.019998386381972044, 0.4133819126157334, 0.3558247396154376, 0.4715163619026558, 0.12566052503700653, 0.23829837190434988, 0.4996470038739894, 0.09162080080901336, 0.36837436736958296, 0.33351108631678006, 0.11034570400219057, 0.30257776082442456, 0.2325261641242371, 0.20551810320945263, 0.2169532017536604, 0.6523205981164035, 0.23939596058125434, 0.5400474087146461, 0.402928886791312, 0.5670295443598655, 0.9712255301509954, 0.9242782076673621, 0.23084909309745172, 0.05216513746635443, 0.012668405028658403, 0.9675028922619916, 0.773808852971507, 0.7042047255638771, 0.9885094841976885, 0.9912920715443285, 0.47694099673610124, 0.6715318548678962, 0.24290288312766084, 0.07822125140324054, 0.7573982214251153, 0.9613153713185574, 0.31252763052153865, 0.2249743342085938, 0.7161187074924981, 0.3791626894732084, 0.14265301661800556, 0.22993765658962917, 0.328170763722766, 0.19121440532851264, 0.4649746922042344, 0.3860615080583829, 0.46390912117128047, 0.5361229716056999, 0.8485466452405394, 0.8052480437881393, 0.15227355194815795, 0.967780001873232, 0.20722321954293355, 0.18770970313615976, 0.6138913957979375, 0.34289360184667095, 0.6130427506060142, 0.33564091509783023, 0.4122783072886441, 0.04755016636074272, 0.03145858767254395, 0.9039597682689484, 0.6746234044226995, 0.3467029861294233, 0.6393148130137186, 0.5259301897231804, 0.5452591726608497, 0.31173829303814116, 0.6428202558759549, 0.2978346711168194, 0.8368791608591404, 0.14570231957690327, 0.7498777230458245, 0.9740591311195429, 0.9965176328974019, 0.45362784083754926, 0.30878401298547076, 0.6841562665275736, 0.5469846308646944, 0.6804828547570557, 0.06581479880286278, 0.9381479495289652, 0.25547603113127293, 0.9849639791093674, 0.7867512715097926, 0.4215820199372463, 0.5313606804149167, 0.6173790976715547, 0.5663425230993214, 0.9744138543385205, 0.34770966529206504, 0.7058340790423451, 0.13244718161668878, 0.05781865782845386, 0.2646036856809425, 0.005771299091776205, 0.42806496373584635, 0.6484016985736966, 0.8197882117874279, 0.6726695795148873, 0.027392596115141, 0.11744670603823437, 0.3560868925475389, 0.9151462304215279, 0.49037583771707505, 0.2167459921414715, 0.7785657317382646, 0.1513477812578523, 0.9943746926159271, 0.05190274061581457, 0.4781139088846972, 0.3564105362679738, 0.29754234144200675, 0.9780108207684584, 0.8714784105130117, 0.5863911941276081, 0.4066604279797935, 0.18543901080756653, 0.1750101689283401, 0.9729191342530344, 0.6932164506569566, 0.776276145687362, 0.08863569999651422, 0.9592823041929835, 0.8760373818340931, 0.5142285818122972, 0.5625178618053904, 0.653341488818418, 0.7419633577435927, 0.9028976434098342, 0.9529152863253995, 0.853471467915907, 0.03082059942853832, 0.1517050672881497, 0.5295428925680493, 0.5044701018834721, 0.3515638819188118, 0.504602040081592, 0.033736012987525266, 0.766771689881281, 0.5815271593980329, 0.894858871887527, 0.07528899981274517, 0.0441269620836956, 0.6362438771276896, 0.9808956602453615, 0.6914686858412592, 0.44791830782642805, 0.8211906938279288, 0.40073161833637416, 0.5301646554336406, 0.21284989797119225, 0.5244404489613625, 0.5965195199332015, 0.5797719973530131, 0.07426432361839475, 0.8620386775301795, 0.8604995410643205, 0.08240493385315839, 0.09631639808142722, 0.9781776615371942, 0.1581032452601041, 0.5129731510581367, 0.8244520052849277, 0.8933941839432002, 0.6698073491067684, 0.15183547754051208, 0.6670728742530786, 0.8405032538741082, 0.0679429497048154, 0.7043314908847723, 0.23619247884738048, 0.3203621502623917, 0.3746579180792853, 0.852106909740288, 0.8576678770114495, 0.4159591056327725, 0.8500992924718472, 0.9568557259021616, 0.8891620129684227, 0.4806831266964421, 0.21548985204445803, 0.1414826935432928, 0.4220022551801733, 0.9025679755000682, 0.7411934481504424, 0.03516865638361211, 0.9287984841539229, 0.15924435864673858, 0.7159622268510807, 0.06433211732691735, 0.23775923134400867, 0.13512482113874458, 0.5052593146133119, 0.5776459954564754, 0.6250171075758099, 0.9034236132025174, 0.8506381098815645, 0.4620745558760363, 0.3561396150006384, 0.8753895071693496, 0.9238704692024148, 0.05962109526960602, 0.17231552666482486, 0.7538808611052874, 0.8996895300947495, 0.4684414831560002, 0.1990671322297084, 0.3946710606227676, 0.17793904962096552, 0.16281237249560054, 0.48278078636069444, 0.17118806474668857, 0.7744157572804651, 0.6914332684471977, 0.06922304142049063, 0.003106957384390596, 0.8592144921715144, 0.6131429938286357, 0.8970193063608339, 0.10881754349290285, 0.6516441728490745, 0.8897851451626605, 0.7002413340761143, 0.5702422550060299, 0.4214339221320682, 0.8940059623328639, 0.5689260973340314, 0.5129888362202227, 0.3101591841761453, 0.7908470482030577, 0.07789698557681812, 0.49531814321689316, 0.29386833442715166, 0.8496596122993669, 0.8819992185774012, 0.953761694624075, 0.17671608598929456, 0.24722631218829016, 0.5905274464682644, 0.05459710315825095, 0.6074953281971349, 0.12783599744927454, 0.5658488363706429, 0.09254215126522614, 0.2986147042149583, 0.842561718523038, 0.3717971491744818, 0.7483064321231564, 0.2786484739180084, 0.3654112249444684, 0.016137254796247058, 0.09188487763871478, 0.18273195442772905, 0.35432856137878055, 0.046598486396344785, 0.3493775298467522, 0.7933510857891372, 0.2887744720359037, 0.24192931236315973, 0.7644646208422197, 0.9574927120998882, 0.5009745844174679, 0.5795215487856277, 0.09357663140305328, 0.40782145646346246, 0.8451885911819343, 0.2955472336887298, 0.7326261645715311, 0.7107272414119391, 0.21071942172816738, 0.6213053777778382, 0.7338467015841299, 0.9913766269749205, 0.30141530155207585, 0.9884704276443942, 0.36668501778356366, 0.0031267339290886875, 0.07881203110565105, 0.3050957741795548, 0.6566586129390369, 0.9478696941533125, 0.5022257397880571, 0.15102738311058028, 0.761400359389818, 0.7000335334743726, 0.8811342013106708, 0.7077004905012404, 0.8837559531342518, 0.37206508372602254, 0.05397907987382644, 0.00781633016715777, 0.565366005959109, 0.2116857040494864, 0.6118191369818294, 0.7158710983330636, 0.4882349365420723, 0.09072434990865363, 0.6794578953354081, 0.02760293255298607, 0.6811585357263712, 0.744680483423426, 0.9290580709218217, 0.6623868020478645, 0.485160747918429, 0.9270109835612035, 0.7148005697845672, 0.692188498266303, 0.8043062905542322, 0.3456433289389672, 0.493932937336671, 0.5840922498958625, 0.3530137494075123, 0.27382048650203694, 0.5970450155486865, 0.6032607216306727, 0.6633648707456379, 0.5525562666711162, 0.4108374894108493, 0.9761673536074243, 0.6452013697079015, 0.44166221857608623, 0.31774569342338277, 0.9394046928730563, 0.17275417153311723, 0.6297580250720413, 0.32926657859049724, 0.8495923810222226, 0.36823245972741314, 0.22011020204241127, 0.17615453445743245, 0.4047287251831775, 0.6026738378131332, 0.9248167768466271, 0.703226372124196, 0.6835306126524899, 0.17417769917610337, 0.5177918649071659, 0.9067544898594807, 0.14037414824111139, 0.6626127424408883, 0.07691305870119891, 0.458440946646677, 0.018594337529173277, 0.6604301441499586, 0.4698602899119103, 0.007519418915573395, 0.8517129725529391, 0.251316296295341, 0.5647604928489991, 0.6169969834664025, 0.3746950413250165, 0.356618918909109, 0.7458342734736888, 0.8004075356143467, 0.6703969781447181, 0.18797450380832637, 0.2597196041949291, 0.837496574815807, 0.9458059586446577, 0.03045582194735974, 0.9387062795670716, 0.12195149239712455, 0.27159722706194545, 0.2717430559585414, 0.5330382899516409, 0.5822350236167035, 0.16103198509371597, 0.8875160115604822, 0.9723548524458018, 0.11794063848540659, 0.10629645200144444, 0.6716126481805668, 0.6364424017599045, 0.7797449739058261, 0.6799573034217175, 0.29926584820764146, 0.11863159866769124, 0.7732966016148638, 0.5966485513392766, 0.14388877544603962, 0.38383771913049725, 0.9562878963679036, 0.9647874312916154, 0.8532255542179361, 0.5603373727348666, 0.8468525040137905, 0.6554059612613908, 0.7376943275818347, 0.43878082803024654, 0.10153069481931543, 0.004329674973163389, 0.4696455000632782, 0.9219143065759553, 0.009789645222799681, 0.0010465591560049337, 0.0783826138785988, 0.8623045626102644, 0.17294827253949885, 0.4195057360313099, 0.7391242245623808, 0.8340480698265035, 0.7194254308972119, 0.9448403127931565, 0.36406771535591875, 0.9703074863647536, 0.35703728837804805, 0.4797494205342214, 0.8311094440611366, 0.47052219168888065, 0.5695314728322085, 0.28604574938702876, 0.37744282917842664, 0.22704719150623154, 0.6874524970708547, 0.5181706027671005, 0.24731379662932607, 0.2880488732743397, 0.9300837457126756, 0.7873136028318092, 0.39954153988366714, 0.6185474491875581, 0.5707000628198259, 0.2117424760748694, 0.4085912565142733, 0.45036678388956763, 0.31136109083116437, 0.35899235079910063, 0.13395927878725022]

Erro da solução (|Ax - b|): 4.8489350087716975e-12
Erro (|Ax - b|)/|b| 3.6346057313125216e-16
Erro no vetor x: 1.4125010035363815e-11

Tempo de execução: 2.165053129196167
