Solução x:
[0.29073102040207116, 0.5297468731529266, 0.33472428546016886, 0.7691764159827175, 0.6430899644227119, 0.8516299946768288, 0.006358983920897449, 0.025842024153716694, 0.8843187469167403, 0.9397403161809279, 0.16006905013826975, 0.17837566305064317, 0.5283289277151804, 0.19972929675610265, 0.527467703137303, 0.9770004047937769, 0.4283242010003131, 0.18149364767721785, 0.8522312455712598, 0.34553933275437343, 0.9584357125587355, 0.573668699864534, 0.44337503100675774, 0.7502996125310645, 0.06151954025261927, 0.1742790144266062, 0.16439205632291562, 0.49213165161830125, 0.7053568377503131, 0.7561778761374921, 0.6584033027943843, 0.7775888774597691, 0.017466224677904714, 0.07221319026500352, 0.5777567326586528, 0.39892961088963, 0.4617767188685088, 0.1389570516172715, 0.01226023786505609, 0.6716960906407523, 0.38219907152517535, 0.8179640357294765, 0.02357917405417609, 0.23904297837893995, 0.8547936159085643, 0.3662869086090424, 0.5405667404349292, 0.31671468833754596, 0.6798009850996131, 0.7810478617530904, 0.10011843086777407, 0.9180592232358996, 0.7948876852583406, 0.12208093582482278, 0.9746627173323429, 0.42701254829571605, 0.14783464340961025, 0.19411216351781593, 0.1936817613860353, 0.6077340402287735, 0.3096854670399479, 0.6670054404450131, 0.4299432496468403, 0.22953445797706482, 0.4166278244436544, 0.01999838638304123, 0.41338191261679436, 0.3558247396165002, 0.4715163619037167, 0.12566052503806843, 0.23829837190540035, 0.49964700387505145, 0.09162080081007594, 0.3683743673706335, 0.3335110863178305, 0.11034570400324113, 0.3025777608254865, 0.23252616412529903, 0.205518103210518, 0.21695320175472532, 0.6523205981174525, 0.23939596058234405, 0.5400474087157019, 0.4029288867920372, 0.567029544360905, 0.9712255301520368, 0.9242782076684172, 0.23084909309849308, 0.05216513746742667, 0.012668405029712814, 0.9675028922630469, 0.7738088529725629, 0.7042047255649324, 0.9885094841987436, 0.9912920715453841, 0.47694099673715684, 0.6715318548689659, 0.2429028831289792, 0.07822125140429864, 0.7573982214262183, 0.9613153713196547, 0.31252763052263616, 0.22497433420969723, 0.7161187074934868, 0.3791626894741971, 0.14265301661802066, 0.22993765659040652, 0.3281707637237492, 0.19121440532957276, 0.46497469220529447, 0.386061508059443, 0.46390912117234057, 0.5361229716066853, 0.8485466452416605, 0.8052480437892597, 0.1522735519491927, 0.9677800018742633, 0.20722321954396494, 0.1877097031371875, 0.6138913957990461, 0.3428936018477317, 0.6130427506070746, 0.335640915098891, 0.4122783072896813, 0.04755016636075809, 0.03145858767255932, 0.9039597682699996, 0.6746234044237498, 0.3467029861304745, 0.6393148130147912, 0.5259301897242529, 0.5452591726619223, 0.31173829303921463, 0.6428202558770407, 0.2978346711178701, 0.8368791608602131, 0.1457023195779759, 0.7498777230469068, 0.9740591311206068, 0.9965176328984527, 0.4536278408386218, 0.3087840129865442, 0.6841562665286594, 0.5469846308657669, 0.6804828547581286, 0.06581479880395275, 0.9381479495300291, 0.2554760311323379, 0.9849639791105294, 0.7867512715109891, 0.4215820199382977, 0.5313606804159681, 0.6173790976726109, 0.5663425231003728, 0.9744138543395714, 0.34770966529345754, 0.7058340790437376, 0.13244718161779465, 0.05781865782954755, 0.2646036856820326, 0.005771299092840447, 0.42806496373691255, 0.6484016985745793, 0.8197882117883918, 0.6726695795159482, 0.02739259611619691, 0.11744670603919653, 0.3560868925487007, 0.9151462304226896, 0.49037583771831555, 0.21674599214256202, 0.7785657317393552, 0.15134778125880738, 0.9943746926170149, 0.051902740616902476, 0.47811390888575855, 0.3564105362690249, 0.2975423414430983, 0.9780108207695188, 0.8714784105141222, 0.5863911941287188, 0.40666042798098984, 0.18543901080866598, 0.17501016892943946, 0.9729191342541339, 0.6932164506581528, 0.7762761456884234, 0.08863569999757608, 0.9592823041940587, 0.8760373818351683, 0.514228581813281, 0.5625178618063745, 0.6533414888194022, 0.7419633577445767, 0.9028976434108182, 0.9529152863263831, 0.8534714679169564, 0.030820599429600082, 0.15170506728923216, 0.5295428925688089, 0.5044701018845339, 0.35156388191979865, 0.5046020400826452, 0.033736012988625906, 0.7667716898823811, 0.5815271593991335, 0.8948588718886324, 0.07528899981384533, 0.04412696208479584, 0.6362438771287389, 0.9808956602464107, 0.6914686858423212, 0.4479183078274899, 0.821190693828993, 0.40073161833743737, 0.5301646554347559, 0.21284989797230788, 0.524440448962478, 0.5965195199343157, 0.5797719973541159, 0.0742643236194558, 0.8620386775312487, 0.8604995410652208, 0.08240493385421686, 0.09631639808247847, 0.9781776615382454, 0.15810324526122366, 0.5129731510592562, 0.8244520052860032, 0.8933941839442758, 0.6698073491078165, 0.15183547754162308, 0.6670728742541892, 0.8405032538752193, 0.06794294970592711, 0.7043314908858618, 0.23619247884845404, 0.3203621502635558, 0.3746579180803545, 0.852106909741357, 0.8576678770124998, 0.4159591056339314, 0.8500992924729347, 0.9568557259032491, 0.8891620129694996, 0.48068312669730856, 0.2154898520454744, 0.14148269354440043, 0.4220022551813371, 0.9025679755012318, 0.7411934481516061, 0.03516865638467939, 0.9287984841539338, 0.15924435864675307, 0.7159622268510957, 0.06433211732693184, 0.23775923134500382, 0.13512482113990826, 0.5052593146144756, 0.5776459954576392, 0.6250171075769736, 0.90342361320358, 0.8506381098825525, 0.46207455587710045, 0.35613961500170127, 0.8753895071703448, 0.9238704692029265, 0.059621095270674704, 0.17231552666589353, 0.7538808611063569, 0.899689530095847, 0.46844148315709744, 0.1990671322308056, 0.3946710606238648, 0.17793904962189377, 0.16281237249667585, 0.48278078636180094, 0.17118806474780038, 0.7744157572815769, 0.6914332684479573, 0.06922304142125006, 0.003106957385441817, 0.859214492172613, 0.6131429938297257, 0.8970193063619251, 0.10881754349400104, 0.6516441728501643, 0.8897851451637505, 0.7002413340772061, 0.5702422550071216, 0.4214339221331599, 0.8940059623339556, 0.5689260973352085, 0.5129888362213997, 0.3101591841772615, 0.7908470482041162, 0.07789698557786992, 0.49531814321795165, 0.2938683344282101, 0.8496596123004413, 0.881999218578498, 0.9537616946251719, 0.17671608599039149, 0.24722631218938698, 0.5905274464693612, 0.054597103159348015, 0.6074953281982007, 0.12783599745034616, 0.5658488363717322, 0.09254215126632254, 0.298614704216049, 0.8425617185241335, 0.37179714917557743, 0.748306432124252, 0.27864847391908404, 0.3654112249455363, 0.016137254797342647, 0.0918848776398104, 0.18273195442882453, 0.3543285613798608, 0.046598486397423436, 0.3493775298478214, 0.7933510857902064, 0.28877447203714113, 0.24192931236439713, 0.7644646208432903, 0.957492712100978, 0.5009745844185578, 0.5795215487866765, 0.09357663140421255, 0.4078214564646217, 0.8451885911829986, 0.2955472336897541, 0.7326261645722235, 0.7107272414130041, 0.2107194217291572, 0.6213053777788223, 0.733846701585205, 0.9913766269760105, 0.30141530155315815, 0.9884704276454501, 0.3666850177846536, 0.003126733930071647, 0.07881203110681277, 0.3050957741805281, 0.656658612940058, 0.9478696941543435, 0.5022257397890306, 0.15102738311160135, 0.7614003593907911, 0.7000335334753937, 0.881134201311666, 0.7077004905022529, 0.8837559531353718, 0.37206508372708796, 0.05397907987384188, 0.007816330168253095, 0.565366005960205, 0.21168570405058165, 0.611819136982925, 0.7158710983341589, 0.4882349365431678, 0.09072434990972184, 0.6794578953364908, 0.027602932554035967, 0.6811585357274321, 0.7446804834244869, 0.9290580709228968, 0.6623868020489413, 0.4851607479195036, 0.9270109835622735, 0.7148005697856389, 0.6921884982673733, 0.80430629055522, 0.3456433289399254, 0.493932937337732, 0.5840922498969164, 0.3530137494084986, 0.273820486503016, 0.5970450155496678, 0.6032607216316507, 0.6633648707466197, 0.5525562666720952, 0.41083748941183096, 0.9761673536074398, 0.6452013697089548, 0.441662218577142, 0.31774569342447645, 0.9394046928741496, 0.17275417153418066, 0.6297580250731438, 0.32926657859156344, 0.8495923810232872, 0.3682324597284882, 0.22011020204343734, 0.17615453445848123, 0.4047287251843739, 0.6026738378140192, 0.9248167768477179, 0.7032263721253574, 0.6835306126535677, 0.1741776991771061, 0.5177918649081782, 0.906754489860548, 0.14037414824217778, 0.6626127424419547, 0.07691305870195946, 0.45844094664766594, 0.018594337530262704, 0.6604301441510227, 0.46986028991297973, 0.007519418916642781, 0.8517129725540284, 0.25131629629631264, 0.5647604928499708, 0.6169969834673827, 0.37469504132598447, 0.3566189189101731, 0.7458342734748828, 0.8004075356154664, 0.6703969781457848, 0.18797450380939504, 0.25971960419598494, 0.8374965748169265, 0.945805958645715, 0.030455821948420607, 0.9387062795680642, 0.12195149239819296, 0.2715972270630561, 0.2717430559596392, 0.5330382899527564, 0.5822350236178101, 0.16103198509491232, 0.8875160115615477, 0.9723548524468707, 0.11794063848647642, 0.10629645200251069, 0.6716126481816167, 0.6364424017609686, 0.779744973906889, 0.6799573034228789, 0.2992658482088028, 0.11863159866875558, 0.7732966016159253, 0.596648551340393, 0.1438887754471637, 0.38383771913161346, 0.9562878963690364, 0.9647874312927192, 0.8532255542190689, 0.5603373727359703, 0.8468525040148945, 0.6554059612624947, 0.7376943275829441, 0.43878082803136276, 0.10153069482036611, 0.004329674974212584, 0.4696455000643288, 0.9219143065770043, 0.00978964522384869, 0.0010465591570539296, 0.07838261387964796, 0.8623045626113136, 0.17294827254056017, 0.4195057360323587, 0.7391242245635818, 0.8340480698277047, 0.7194254308982215, 0.9448403127942098, 0.36406771535689403, 0.9703074863657403, 0.35703728837905163, 0.47974942053528785, 0.8311094440622031, 0.47052219168994713, 0.5695314728332748, 0.28604574938809507, 0.37744282917947636, 0.22704719150734332, 0.6874524970720557, 0.5181706027683017, 0.24731379663052722, 0.28804887327554096, 0.9300837457138771, 0.7873136028330107, 0.39954153988486846, 0.6185474491886321, 0.5707000628209224, 0.21174247607596605, 0.4085912565153699, 0.4503667838906643, 0.311361090832261, 0.3589923508001973, 0.13395927878834693]

X_aleatório_inicial:
[0.2907310204020681, 0.5297468731518197, 0.3347242854589726, 0.7691764159816106, 0.6430899644215915, 0.8516299946756325, 0.0063589839198365805, 0.025842024152609944, 0.8843187469156717, 0.9397403161798243, 0.1600690501372002, 0.17837566305018038, 0.5283289277147175, 0.19972929675563977, 0.52746770313684, 0.977000404793314, 0.4283242009996828, 0.18149364767615694, 0.852231245570797, 0.34553933275374304, 0.9584357125581052, 0.573668699863483, 0.44337503100570685, 0.7502996125297821, 0.06151954025133688, 0.17427901442554838, 0.16439205632196008, 0.49213165161734573, 0.7053568377492464, 0.756177876136296, 0.658403302793188, 0.7775888774587079, 0.01746622467683545, 0.07221319026393425, 0.5777567326575835, 0.39892961088839307, 0.4617767188674462, 0.13895705161639516, 0.012260237864186951, 0.671696090639805, 0.3821990715240855, 0.8179640357283859, 0.02357917405308818, 0.23904297837784194, 0.8547936159074894, 0.3662869086090358, 0.5405667404338427, 0.316714688336448, 0.6798009850984649, 0.7810478617519309, 0.10011843086668448, 0.9180592232347033, 0.7948876852572438, 0.12208093582375645, 0.9746627173312744, 0.4270125482946674, 0.1478346434089507, 0.19411216351676752, 0.19368176138498683, 0.607734040227725, 0.30968546703888367, 0.6670054404439631, 0.4299432496457657, 0.22953445797599026, 0.4166278244425853, 0.019998386381972044, 0.4133819126157334, 0.3558247396154376, 0.4715163619026558, 0.12566052503700653, 0.23829837190434988, 0.4996470038739894, 0.09162080080901336, 0.36837436736958296, 0.33351108631678006, 0.11034570400219057, 0.30257776082442456, 0.2325261641242371, 0.20551810320945263, 0.2169532017536604, 0.6523205981164035, 0.23939596058125434, 0.5400474087146461, 0.402928886791312, 0.5670295443598655, 0.9712255301509954, 0.9242782076673621, 0.23084909309745172, 0.05216513746635443, 0.012668405028658403, 0.9675028922619916, 0.773808852971507, 0.7042047255638771, 0.9885094841976885, 0.9912920715443285, 0.47694099673610124, 0.6715318548678962, 0.24290288312766084, 0.07822125140324054, 0.7573982214251153, 0.9613153713185574, 0.31252763052153865, 0.2249743342085938, 0.7161187074924981, 0.3791626894732084, 0.14265301661800556, 0.22993765658962917, 0.328170763722766, 0.19121440532851264, 0.4649746922042344, 0.3860615080583829, 0.46390912117128047, 0.5361229716056999, 0.8485466452405394, 0.8052480437881393, 0.15227355194815795, 0.967780001873232, 0.20722321954293355, 0.18770970313615976, 0.6138913957979375, 0.34289360184667095, 0.6130427506060142, 0.33564091509783023, 0.4122783072886441, 0.04755016636074272, 0.03145858767254395, 0.9039597682689484, 0.6746234044226995, 0.3467029861294233, 0.6393148130137186, 0.5259301897231804, 0.5452591726608497, 0.31173829303814116, 0.6428202558759549, 0.2978346711168194, 0.8368791608591404, 0.14570231957690327, 0.7498777230458245, 0.9740591311195429, 0.9965176328974019, 0.45362784083754926, 0.30878401298547076, 0.6841562665275736, 0.5469846308646944, 0.6804828547570557, 0.06581479880286278, 0.9381479495289652, 0.25547603113127293, 0.9849639791093674, 0.7867512715097926, 0.4215820199372463, 0.5313606804149167, 0.6173790976715547, 0.5663425230993214, 0.9744138543385205, 0.34770966529206504, 0.7058340790423451, 0.13244718161668878, 0.05781865782845386, 0.2646036856809425, 0.005771299091776205, 0.42806496373584635, 0.6484016985736966, 0.8197882117874279, 0.6726695795148873, 0.027392596115141, 0.11744670603823437, 0.3560868925475389, 0.9151462304215279, 0.49037583771707505, 0.2167459921414715, 0.7785657317382646, 0.1513477812578523, 0.9943746926159271, 0.05190274061581457, 0.4781139088846972, 0.3564105362679738, 0.29754234144200675, 0.9780108207684584, 0.8714784105130117, 0.5863911941276081, 0.4066604279797935, 0.18543901080756653, 0.1750101689283401, 0.9729191342530344, 0.6932164506569566, 0.776276145687362, 0.08863569999651422, 0.9592823041929835, 0.8760373818340931, 0.5142285818122972, 0.5625178618053904, 0.653341488818418, 0.7419633577435927, 0.9028976434098342, 0.9529152863253995, 0.853471467915907, 0.03082059942853832, 0.1517050672881497, 0.5295428925680493, 0.5044701018834721, 0.3515638819188118, 0.504602040081592, 0.033736012987525266, 0.766771689881281, 0.5815271593980329, 0.894858871887527, 0.07528899981274517, 0.0441269620836956, 0.6362438771276896, 0.9808956602453615, 0.6914686858412592, 0.44791830782642805, 0.8211906938279288, 0.40073161833637416, 0.5301646554336406, 0.21284989797119225, 0.5244404489613625, 0.5965195199332015, 0.5797719973530131, 0.07426432361839475, 0.8620386775301795, 0.8604995410643205, 0.08240493385315839, 0.09631639808142722, 0.9781776615371942, 0.1581032452601041, 0.5129731510581367, 0.8244520052849277, 0.8933941839432002, 0.6698073491067684, 0.15183547754051208, 0.6670728742530786, 0.8405032538741082, 0.0679429497048154, 0.7043314908847723, 0.23619247884738048, 0.3203621502623917, 0.3746579180792853, 0.852106909740288, 0.8576678770114495, 0.4159591056327725, 0.8500992924718472, 0.9568557259021616, 0.8891620129684227, 0.4806831266964421, 0.21548985204445803, 0.1414826935432928, 0.4220022551801733, 0.9025679755000682, 0.7411934481504424, 0.03516865638361211, 0.9287984841539229, 0.15924435864673858, 0.7159622268510807, 0.06433211732691735, 0.23775923134400867, 0.13512482113874458, 0.5052593146133119, 0.5776459954564754, 0.6250171075758099, 0.9034236132025174, 0.8506381098815645, 0.4620745558760363, 0.3561396150006384, 0.8753895071693496, 0.9238704692024148, 0.05962109526960602, 0.17231552666482486, 0.7538808611052874, 0.8996895300947495, 0.4684414831560002, 0.1990671322297084, 0.3946710606227676, 0.17793904962096552, 0.16281237249560054, 0.48278078636069444, 0.17118806474668857, 0.7744157572804651, 0.6914332684471977, 0.06922304142049063, 0.003106957384390596, 0.8592144921715144, 0.6131429938286357, 0.8970193063608339, 0.10881754349290285, 0.6516441728490745, 0.8897851451626605, 0.7002413340761143, 0.5702422550060299, 0.4214339221320682, 0.8940059623328639, 0.5689260973340314, 0.5129888362202227, 0.3101591841761453, 0.7908470482030577, 0.07789698557681812, 0.49531814321689316, 0.29386833442715166, 0.8496596122993669, 0.8819992185774012, 0.953761694624075, 0.17671608598929456, 0.24722631218829016, 0.5905274464682644, 0.05459710315825095, 0.6074953281971349, 0.12783599744927454, 0.5658488363706429, 0.09254215126522614, 0.2986147042149583, 0.842561718523038, 0.3717971491744818, 0.7483064321231564, 0.2786484739180084, 0.3654112249444684, 0.016137254796247058, 0.09188487763871478, 0.18273195442772905, 0.35432856137878055, 0.046598486396344785, 0.3493775298467522, 0.7933510857891372, 0.2887744720359037, 0.24192931236315973, 0.7644646208422197, 0.9574927120998882, 0.5009745844174679, 0.5795215487856277, 0.09357663140305328, 0.40782145646346246, 0.8451885911819343, 0.2955472336887298, 0.7326261645715311, 0.7107272414119391, 0.21071942172816738, 0.6213053777778382, 0.7338467015841299, 0.9913766269749205, 0.30141530155207585, 0.9884704276443942, 0.36668501778356366, 0.0031267339290886875, 0.07881203110565105, 0.3050957741795548, 0.6566586129390369, 0.9478696941533125, 0.5022257397880571, 0.15102738311058028, 0.761400359389818, 0.7000335334743726, 0.8811342013106708, 0.7077004905012404, 0.8837559531342518, 0.37206508372602254, 0.05397907987382644, 0.00781633016715777, 0.565366005959109, 0.2116857040494864, 0.6118191369818294, 0.7158710983330636, 0.4882349365420723, 0.09072434990865363, 0.6794578953354081, 0.02760293255298607, 0.6811585357263712, 0.744680483423426, 0.9290580709218217, 0.6623868020478645, 0.485160747918429, 0.9270109835612035, 0.7148005697845672, 0.692188498266303, 0.8043062905542322, 0.3456433289389672, 0.493932937336671, 0.5840922498958625, 0.3530137494075123, 0.27382048650203694, 0.5970450155486865, 0.6032607216306727, 0.6633648707456379, 0.5525562666711162, 0.4108374894108493, 0.9761673536074243, 0.6452013697079015, 0.44166221857608623, 0.31774569342338277, 0.9394046928730563, 0.17275417153311723, 0.6297580250720413, 0.32926657859049724, 0.8495923810222226, 0.36823245972741314, 0.22011020204241127, 0.17615453445743245, 0.4047287251831775, 0.6026738378131332, 0.9248167768466271, 0.703226372124196, 0.6835306126524899, 0.17417769917610337, 0.5177918649071659, 0.9067544898594807, 0.14037414824111139, 0.6626127424408883, 0.07691305870119891, 0.458440946646677, 0.018594337529173277, 0.6604301441499586, 0.4698602899119103, 0.007519418915573395, 0.8517129725529391, 0.251316296295341, 0.5647604928489991, 0.6169969834664025, 0.3746950413250165, 0.356618918909109, 0.7458342734736888, 0.8004075356143467, 0.6703969781447181, 0.18797450380832637, 0.2597196041949291, 0.837496574815807, 0.9458059586446577, 0.03045582194735974, 0.9387062795670716, 0.12195149239712455, 0.27159722706194545, 0.2717430559585414, 0.5330382899516409, 0.5822350236167035, 0.16103198509371597, 0.8875160115604822, 0.9723548524458018, 0.11794063848540659, 0.10629645200144444, 0.6716126481805668, 0.6364424017599045, 0.7797449739058261, 0.6799573034217175, 0.29926584820764146, 0.11863159866769124, 0.7732966016148638, 0.5966485513392766, 0.14388877544603962, 0.38383771913049725, 0.9562878963679036, 0.9647874312916154, 0.8532255542179361, 0.5603373727348666, 0.8468525040137905, 0.6554059612613908, 0.7376943275818347, 0.43878082803024654, 0.10153069481931543, 0.004329674973163389, 0.4696455000632782, 0.9219143065759553, 0.009789645222799681, 0.0010465591560049337, 0.0783826138785988, 0.8623045626102644, 0.17294827253949885, 0.4195057360313099, 0.7391242245623808, 0.8340480698265035, 0.7194254308972119, 0.9448403127931565, 0.36406771535591875, 0.9703074863647536, 0.35703728837804805, 0.4797494205342214, 0.8311094440611366, 0.47052219168888065, 0.5695314728322085, 0.28604574938702876, 0.37744282917842664, 0.22704719150623154, 0.6874524970708547, 0.5181706027671005, 0.24731379662932607, 0.2880488732743397, 0.9300837457126756, 0.7873136028318092, 0.39954153988366714, 0.6185474491875581, 0.5707000628198259, 0.2117424760748694, 0.4085912565142733, 0.45036678388956763, 0.31136109083116437, 0.35899235079910063, 0.13395927878725022]

Erro da solução (|Ax - b|): 6.860475816606398e-12
Erro (|Ax - b|)/|b| 5.142392025766701e-16
Erro no vetor x: 2.3399175576871875e-11

Tempo de execução: 4.407941102981567
