Solução x:
[0.2907310204020719, 0.5297468731531999, 0.3347242854604562, 0.7691764159829908, 0.6430899644230806, 0.8516299946771166, 0.006358983921166888, 0.02584202415399009, 0.8843187469170166, 0.9397403161812017, 0.1600690501385473, 0.17837566305075903, 0.528328927715296, 0.19972929675621837, 0.5274677031374185, 0.9770004047938926, 0.4283242010004706, 0.1814936476774873, 0.8522312455713753, 0.34553933275453075, 0.9584357125588929, 0.57366869986513, 0.4433750310073537, 0.7502996125313687, 0.06151954025292341, 0.17427901442687588, 0.16439205632314977, 0.49213165161853545, 0.7053568377505907, 0.7561778761377794, 0.6584033027946716, 0.7775888774600381, 0.0174662246781829, 0.0722131902652817, 0.5777567326589301, 0.3989296108899372, 0.4617767188687882, 0.13895705161749264, 0.01226023786527417, 0.6716960906409896, 0.38219907152563193, 0.8179640357299329, 0.023579174054622138, 0.23904297837928593, 0.8547936159090707, 0.36628690860904917, 0.5405667404353885, 0.31671468833781724, 0.6798009850999259, 0.7810478617534024, 0.100118430868206, 0.9180592232361868, 0.7948876852586113, 0.12208093582509909, 0.9746627173326193, 0.4270125482959836, 0.1478346434097733, 0.19411216351808216, 0.19368176138630147, 0.6077340402290397, 0.30968546704022554, 0.6670054404452829, 0.4299432496471146, 0.22953445797733926, 0.416627824443932, 0.01999838638331877, 0.4133819126170608, 0.3558247396167688, 0.4715163619039832, 0.12566052503833494, 0.238298371905666, 0.49964700387531963, 0.09162080081034457, 0.36837436737089896, 0.333511086318096, 0.11034570400350668, 0.3025777608260554, 0.23252616412586838, 0.20551810321079325, 0.21695320175500118, 0.6523205981180571, 0.2393959605827761, 0.540047408715967, 0.40292888679221606, 0.5670295443611647, 0.9712255301522967, 0.9242782076686794, 0.230849093098753, 0.05216513746770189, 0.012668405029977488, 0.967502892263312, 0.7738088529728275, 0.7042047255651971, 0.9885094841990085, 0.9912920715456488, 0.47694099673742146, 0.671531854869242, 0.24290288312927233, 0.07822125140456819, 0.7573982214264912, 0.961315371319981, 0.3125276305229625, 0.22497433420996873, 0.7161187074937386, 0.3791626894744489, 0.14265301661804186, 0.22993765659060078, 0.3281707637239978, 0.1912144053301606, 0.4649746922058822, 0.3860615080600308, 0.4639091211729284, 0.5361229716069355, 0.8485466452420292, 0.8052480437896284, 0.15227355194945316, 0.9677800018745244, 0.2072232195442295, 0.18770970313744909, 0.6138913957993192, 0.34289360184831014, 0.6130427506076506, 0.3356409150994694, 0.4122783072899469, 0.047550166360780584, 0.03145858767258181, 0.9039597682702694, 0.6746234044240196, 0.3467029861307442, 0.6393148130150563, 0.5259301897245181, 0.5452591726621875, 0.3117382930394799, 0.6428202558773072, 0.2978346711184663, 0.8368791608604783, 0.1457023195782412, 0.7498777230472083, 0.9740591311208842, 0.9965176328990488, 0.4536278408388871, 0.30878401298680946, 0.6841562665289258, 0.5469846308660323, 0.6804828547583941, 0.06581479880421395, 0.9381479495303063, 0.25547603113261586, 0.9849639791108147, 0.7867512715112763, 0.42158201993889227, 0.5313606804165627, 0.617379097673196, 0.5663425231009674, 0.974413854340167, 0.34770966529375447, 0.7058340790440345, 0.1324471816180679, 0.05781865782981093, 0.264603685682299, 0.00577129909311806, 0.4280649637371888, 0.6484016985748, 0.8197882117886329, 0.6726695795162175, 0.027392596116462182, 0.11744670603943713, 0.3560868925490115, 0.9151462304230004, 0.4903758377186225, 0.21674599214301862, 0.7785657317398117, 0.1513477812590414, 0.9943746926174611, 0.05190274061734853, 0.47811390888602756, 0.3564105362692948, 0.297542341443415, 0.9780108207701019, 0.8714784105144231, 0.5863911941290196, 0.4066604279812772, 0.18543901080892686, 0.17501016892970025, 0.9729191342543948, 0.6932164506584402, 0.7762761456889946, 0.08863569999784429, 0.9592823041943326, 0.8760373818354421, 0.51422858181353, 0.5625178618066237, 0.6533414888196512, 0.7419633577448257, 0.9028976434110673, 0.9529152863266322, 0.8534714679175569, 0.0308205994298683, 0.15170506728953342, 0.529542892568999, 0.5044701018848021, 0.35156388192004073, 0.5046020400832512, 0.03373601298889755, 0.7667716898826528, 0.5815271593994052, 0.8948588718889042, 0.07528899981411694, 0.04412696208506739, 0.6362438771293437, 0.9808956602470156, 0.6914686858425895, 0.4479183078277584, 0.8211906938292654, 0.40073161833770915, 0.5301646554350402, 0.21284989797259085, 0.5244404489627624, 0.5965195199346045, 0.5797719973543889, 0.0742643236197251, 0.8620386775315261, 0.860499541065452, 0.08240493385448626, 0.0963163980827481, 0.9781776615385152, 0.15810324526159247, 0.512973151059625, 0.8244520052862798, 0.8933941839445525, 0.6698073491080769, 0.15183547754192286, 0.6670728742544901, 0.8405032538755188, 0.06794294970622483, 0.7043314908861298, 0.23619247884871722, 0.3203621502638676, 0.3746579180806327, 0.8521069097416338, 0.8576678770130979, 0.4159591056342046, 0.8500992924733665, 0.9568557259036807, 0.8891620129697625, 0.48068312669752516, 0.2154898520457239, 0.1414826935446597, 0.42200225518158185, 0.9025679755014766, 0.7411934481518507, 0.03516865638495561, 0.9287984841539478, 0.15924435864677303, 0.7159622268511169, 0.06433211732695181, 0.23775923134525911, 0.13512482114018184, 0.5052593146147494, 0.5776459954579128, 0.6250171075772472, 0.9034236132038593, 0.850638109882804, 0.46207455587765883, 0.3561396150022673, 0.8753895071706002, 0.9238704692030579, 0.0596210952709511, 0.17231552666616995, 0.75388086110662, 0.8996895300961185, 0.46844148315736905, 0.19906713223107708, 0.3946710606241362, 0.17793904962213147, 0.16281237249695182, 0.48278078636207633, 0.1711880647480722, 0.7744157572818484, 0.6914332684481473, 0.06922304142144022, 0.003106957385711453, 0.8592144921728845, 0.6131429938301576, 0.8970193063623563, 0.10881754349435309, 0.6516441728505963, 0.8897851451641824, 0.700241334077629, 0.5702422550075442, 0.42143392213358266, 0.8940059623343783, 0.5689260973355196, 0.5129888362217108, 0.310159184177545, 0.7908470482047232, 0.07789698557848367, 0.4953181432185585, 0.293868334428817, 0.8496596123007043, 0.8819992185787681, 0.953761694625442, 0.1767160859906616, 0.24722631218965696, 0.5905274464696312, 0.05459710315961829, 0.6074953281984784, 0.12783599745060956, 0.5658488363721639, 0.09254215126659279, 0.2986147042163187, 0.8425617185244036, 0.37179714917584755, 0.7483064321245222, 0.2786484739193607, 0.3654112249458139, 0.01613725479761272, 0.09188487764008049, 0.18273195442909482, 0.3543285613801294, 0.04659848639769377, 0.34937752984809983, 0.7933510857904849, 0.28877447203744827, 0.2419293123647043, 0.7644646208435659, 0.9574927121014345, 0.5009745844190143, 0.5795215487872794, 0.09357663140452448, 0.4078214564649336, 0.8451885911832764, 0.2955472336900056, 0.7326261645723964, 0.7107272414132818, 0.21071942172940983, 0.6213053777790719, 0.7338467015854804, 0.9913766269762715, 0.30141530155345997, 0.9884704276457154, 0.3666850177849145, 0.003126733930320696, 0.07881203110712354, 0.3050957741807789, 0.6566586129403207, 0.9478696941546079, 0.5022257397892814, 0.15102738311186373, 0.7614003593910419, 0.7000335334756564, 0.8811342013119213, 0.7077004905025163, 0.8837559531357403, 0.37206508372736374, 0.053979079873864196, 0.007816330168522527, 0.5653660059604744, 0.2116857040508509, 0.6118191369831947, 0.7158710983344287, 0.48823493654343725, 0.09072434990999835, 0.6794578953367917, 0.027602932554305792, 0.6811585357277016, 0.7446804834247563, 0.9290580709231621, 0.6623868020492066, 0.48516074791976893, 0.9270109835625384, 0.7148005697859025, 0.6921884982676367, 0.8043062905554704, 0.3456433289401712, 0.4939329373380012, 0.5840922498971833, 0.3530137494087493, 0.27382048650326124, 0.597045015549915, 0.6032607216318953, 0.6633648707468667, 0.5525562666723406, 0.410837489412078, 0.9761673536074622, 0.6452013697092188, 0.441662218577407, 0.3177456934247398, 0.9394046928744136, 0.17275417153445327, 0.6297580250734167, 0.32926657859182556, 0.8495923810235627, 0.36823245972876373, 0.22011020204369908, 0.1761545344590848, 0.40472872518466113, 0.6026738378142444, 0.9248167768479855, 0.7032263721256682, 0.683530612653839, 0.174177699177365, 0.5177918649084416, 0.9067544898608103, 0.14037414824245414, 0.662612742442231, 0.07691305870215477, 0.458440946647917, 0.018594337530694404, 0.6604301441513004, 0.4698602899132573, 0.00751941891692037, 0.8517129725544849, 0.25131629629655683, 0.564760492850215, 0.6169969834676305, 0.37469504132622694, 0.3566189189104509, 0.7458342734751926, 0.8004075356158352, 0.6703969781460617, 0.1879745038096714, 0.2597196041962502, 0.8374965748172954, 0.9458059586459849, 0.030455821948690037, 0.9387062795683181, 0.12195149239847052, 0.27159722706332906, 0.27174305595990766, 0.5330382899530283, 0.5822350236180845, 0.16103198509520028, 0.8875160115618254, 0.9723548524471491, 0.11794063848675394, 0.10629645200278767, 0.6716126481818865, 0.6364424017612429, 0.7797449739071598, 0.6799573034231895, 0.29926584820911356, 0.11863159866903386, 0.7732966016161942, 0.5966485513406738, 0.14388877544744588, 0.38383771913189696, 0.9562878963693174, 0.9647874312929932, 0.85322555421935, 0.5603373727362445, 0.8468525040151685, 0.6554059612627687, 0.7376943275832292, 0.43878082803165014, 0.10153069482098488, 0.00432967497481871, 0.46964550006494754, 0.9219143065776108, 0.009789645224455135, 0.0010465591576602608, 0.07838261388025414, 0.8623045626119198, 0.17294827254082917, 0.4195057360329618, 0.7391242245638578, 0.8340480698279805, 0.7194254308984731, 0.9448403127944711, 0.36406771535713794, 0.9703074863659868, 0.3570372883793018, 0.4797494205355519, 0.8311094440624672, 0.4705221916902112, 0.5695314728335389, 0.2860457493883592, 0.37744282917973704, 0.22704719150761482, 0.6874524970723316, 0.5181706027685776, 0.2473137966308032, 0.2880488732758168, 0.930083745714153, 0.7873136028332864, 0.3995415398851444, 0.6185474491888973, 0.5707000628211925, 0.21174247607623592, 0.4085912565156398, 0.4503667838909342, 0.3113610908325309, 0.35899235080046726, 0.13395927878861688]

X_aleatório_inicial:
[0.2907310204020681, 0.5297468731518197, 0.3347242854589726, 0.7691764159816106, 0.6430899644215915, 0.8516299946756325, 0.0063589839198365805, 0.025842024152609944, 0.8843187469156717, 0.9397403161798243, 0.1600690501372002, 0.17837566305018038, 0.5283289277147175, 0.19972929675563977, 0.52746770313684, 0.977000404793314, 0.4283242009996828, 0.18149364767615694, 0.852231245570797, 0.34553933275374304, 0.9584357125581052, 0.573668699863483, 0.44337503100570685, 0.7502996125297821, 0.06151954025133688, 0.17427901442554838, 0.16439205632196008, 0.49213165161734573, 0.7053568377492464, 0.756177876136296, 0.658403302793188, 0.7775888774587079, 0.01746622467683545, 0.07221319026393425, 0.5777567326575835, 0.39892961088839307, 0.4617767188674462, 0.13895705161639516, 0.012260237864186951, 0.671696090639805, 0.3821990715240855, 0.8179640357283859, 0.02357917405308818, 0.23904297837784194, 0.8547936159074894, 0.3662869086090358, 0.5405667404338427, 0.316714688336448, 0.6798009850984649, 0.7810478617519309, 0.10011843086668448, 0.9180592232347033, 0.7948876852572438, 0.12208093582375645, 0.9746627173312744, 0.4270125482946674, 0.1478346434089507, 0.19411216351676752, 0.19368176138498683, 0.607734040227725, 0.30968546703888367, 0.6670054404439631, 0.4299432496457657, 0.22953445797599026, 0.4166278244425853, 0.019998386381972044, 0.4133819126157334, 0.3558247396154376, 0.4715163619026558, 0.12566052503700653, 0.23829837190434988, 0.4996470038739894, 0.09162080080901336, 0.36837436736958296, 0.33351108631678006, 0.11034570400219057, 0.30257776082442456, 0.2325261641242371, 0.20551810320945263, 0.2169532017536604, 0.6523205981164035, 0.23939596058125434, 0.5400474087146461, 0.402928886791312, 0.5670295443598655, 0.9712255301509954, 0.9242782076673621, 0.23084909309745172, 0.05216513746635443, 0.012668405028658403, 0.9675028922619916, 0.773808852971507, 0.7042047255638771, 0.9885094841976885, 0.9912920715443285, 0.47694099673610124, 0.6715318548678962, 0.24290288312766084, 0.07822125140324054, 0.7573982214251153, 0.9613153713185574, 0.31252763052153865, 0.2249743342085938, 0.7161187074924981, 0.3791626894732084, 0.14265301661800556, 0.22993765658962917, 0.328170763722766, 0.19121440532851264, 0.4649746922042344, 0.3860615080583829, 0.46390912117128047, 0.5361229716056999, 0.8485466452405394, 0.8052480437881393, 0.15227355194815795, 0.967780001873232, 0.20722321954293355, 0.18770970313615976, 0.6138913957979375, 0.34289360184667095, 0.6130427506060142, 0.33564091509783023, 0.4122783072886441, 0.04755016636074272, 0.03145858767254395, 0.9039597682689484, 0.6746234044226995, 0.3467029861294233, 0.6393148130137186, 0.5259301897231804, 0.5452591726608497, 0.31173829303814116, 0.6428202558759549, 0.2978346711168194, 0.8368791608591404, 0.14570231957690327, 0.7498777230458245, 0.9740591311195429, 0.9965176328974019, 0.45362784083754926, 0.30878401298547076, 0.6841562665275736, 0.5469846308646944, 0.6804828547570557, 0.06581479880286278, 0.9381479495289652, 0.25547603113127293, 0.9849639791093674, 0.7867512715097926, 0.4215820199372463, 0.5313606804149167, 0.6173790976715547, 0.5663425230993214, 0.9744138543385205, 0.34770966529206504, 0.7058340790423451, 0.13244718161668878, 0.05781865782845386, 0.2646036856809425, 0.005771299091776205, 0.42806496373584635, 0.6484016985736966, 0.8197882117874279, 0.6726695795148873, 0.027392596115141, 0.11744670603823437, 0.3560868925475389, 0.9151462304215279, 0.49037583771707505, 0.2167459921414715, 0.7785657317382646, 0.1513477812578523, 0.9943746926159271, 0.05190274061581457, 0.4781139088846972, 0.3564105362679738, 0.29754234144200675, 0.9780108207684584, 0.8714784105130117, 0.5863911941276081, 0.4066604279797935, 0.18543901080756653, 0.1750101689283401, 0.9729191342530344, 0.6932164506569566, 0.776276145687362, 0.08863569999651422, 0.9592823041929835, 0.8760373818340931, 0.5142285818122972, 0.5625178618053904, 0.653341488818418, 0.7419633577435927, 0.9028976434098342, 0.9529152863253995, 0.853471467915907, 0.03082059942853832, 0.1517050672881497, 0.5295428925680493, 0.5044701018834721, 0.3515638819188118, 0.504602040081592, 0.033736012987525266, 0.766771689881281, 0.5815271593980329, 0.894858871887527, 0.07528899981274517, 0.0441269620836956, 0.6362438771276896, 0.9808956602453615, 0.6914686858412592, 0.44791830782642805, 0.8211906938279288, 0.40073161833637416, 0.5301646554336406, 0.21284989797119225, 0.5244404489613625, 0.5965195199332015, 0.5797719973530131, 0.07426432361839475, 0.8620386775301795, 0.8604995410643205, 0.08240493385315839, 0.09631639808142722, 0.9781776615371942, 0.1581032452601041, 0.5129731510581367, 0.8244520052849277, 0.8933941839432002, 0.6698073491067684, 0.15183547754051208, 0.6670728742530786, 0.8405032538741082, 0.0679429497048154, 0.7043314908847723, 0.23619247884738048, 0.3203621502623917, 0.3746579180792853, 0.852106909740288, 0.8576678770114495, 0.4159591056327725, 0.8500992924718472, 0.9568557259021616, 0.8891620129684227, 0.4806831266964421, 0.21548985204445803, 0.1414826935432928, 0.4220022551801733, 0.9025679755000682, 0.7411934481504424, 0.03516865638361211, 0.9287984841539229, 0.15924435864673858, 0.7159622268510807, 0.06433211732691735, 0.23775923134400867, 0.13512482113874458, 0.5052593146133119, 0.5776459954564754, 0.6250171075758099, 0.9034236132025174, 0.8506381098815645, 0.4620745558760363, 0.3561396150006384, 0.8753895071693496, 0.9238704692024148, 0.05962109526960602, 0.17231552666482486, 0.7538808611052874, 0.8996895300947495, 0.4684414831560002, 0.1990671322297084, 0.3946710606227676, 0.17793904962096552, 0.16281237249560054, 0.48278078636069444, 0.17118806474668857, 0.7744157572804651, 0.6914332684471977, 0.06922304142049063, 0.003106957384390596, 0.8592144921715144, 0.6131429938286357, 0.8970193063608339, 0.10881754349290285, 0.6516441728490745, 0.8897851451626605, 0.7002413340761143, 0.5702422550060299, 0.4214339221320682, 0.8940059623328639, 0.5689260973340314, 0.5129888362202227, 0.3101591841761453, 0.7908470482030577, 0.07789698557681812, 0.49531814321689316, 0.29386833442715166, 0.8496596122993669, 0.8819992185774012, 0.953761694624075, 0.17671608598929456, 0.24722631218829016, 0.5905274464682644, 0.05459710315825095, 0.6074953281971349, 0.12783599744927454, 0.5658488363706429, 0.09254215126522614, 0.2986147042149583, 0.842561718523038, 0.3717971491744818, 0.7483064321231564, 0.2786484739180084, 0.3654112249444684, 0.016137254796247058, 0.09188487763871478, 0.18273195442772905, 0.35432856137878055, 0.046598486396344785, 0.3493775298467522, 0.7933510857891372, 0.2887744720359037, 0.24192931236315973, 0.7644646208422197, 0.9574927120998882, 0.5009745844174679, 0.5795215487856277, 0.09357663140305328, 0.40782145646346246, 0.8451885911819343, 0.2955472336887298, 0.7326261645715311, 0.7107272414119391, 0.21071942172816738, 0.6213053777778382, 0.7338467015841299, 0.9913766269749205, 0.30141530155207585, 0.9884704276443942, 0.36668501778356366, 0.0031267339290886875, 0.07881203110565105, 0.3050957741795548, 0.6566586129390369, 0.9478696941533125, 0.5022257397880571, 0.15102738311058028, 0.761400359389818, 0.7000335334743726, 0.8811342013106708, 0.7077004905012404, 0.8837559531342518, 0.37206508372602254, 0.05397907987382644, 0.00781633016715777, 0.565366005959109, 0.2116857040494864, 0.6118191369818294, 0.7158710983330636, 0.4882349365420723, 0.09072434990865363, 0.6794578953354081, 0.02760293255298607, 0.6811585357263712, 0.744680483423426, 0.9290580709218217, 0.6623868020478645, 0.485160747918429, 0.9270109835612035, 0.7148005697845672, 0.692188498266303, 0.8043062905542322, 0.3456433289389672, 0.493932937336671, 0.5840922498958625, 0.3530137494075123, 0.27382048650203694, 0.5970450155486865, 0.6032607216306727, 0.6633648707456379, 0.5525562666711162, 0.4108374894108493, 0.9761673536074243, 0.6452013697079015, 0.44166221857608623, 0.31774569342338277, 0.9394046928730563, 0.17275417153311723, 0.6297580250720413, 0.32926657859049724, 0.8495923810222226, 0.36823245972741314, 0.22011020204241127, 0.17615453445743245, 0.4047287251831775, 0.6026738378131332, 0.9248167768466271, 0.703226372124196, 0.6835306126524899, 0.17417769917610337, 0.5177918649071659, 0.9067544898594807, 0.14037414824111139, 0.6626127424408883, 0.07691305870119891, 0.458440946646677, 0.018594337529173277, 0.6604301441499586, 0.4698602899119103, 0.007519418915573395, 0.8517129725529391, 0.251316296295341, 0.5647604928489991, 0.6169969834664025, 0.3746950413250165, 0.356618918909109, 0.7458342734736888, 0.8004075356143467, 0.6703969781447181, 0.18797450380832637, 0.2597196041949291, 0.837496574815807, 0.9458059586446577, 0.03045582194735974, 0.9387062795670716, 0.12195149239712455, 0.27159722706194545, 0.2717430559585414, 0.5330382899516409, 0.5822350236167035, 0.16103198509371597, 0.8875160115604822, 0.9723548524458018, 0.11794063848540659, 0.10629645200144444, 0.6716126481805668, 0.6364424017599045, 0.7797449739058261, 0.6799573034217175, 0.29926584820764146, 0.11863159866769124, 0.7732966016148638, 0.5966485513392766, 0.14388877544603962, 0.38383771913049725, 0.9562878963679036, 0.9647874312916154, 0.8532255542179361, 0.5603373727348666, 0.8468525040137905, 0.6554059612613908, 0.7376943275818347, 0.43878082803024654, 0.10153069481931543, 0.004329674973163389, 0.4696455000632782, 0.9219143065759553, 0.009789645222799681, 0.0010465591560049337, 0.0783826138785988, 0.8623045626102644, 0.17294827253949885, 0.4195057360313099, 0.7391242245623808, 0.8340480698265035, 0.7194254308972119, 0.9448403127931565, 0.36406771535591875, 0.9703074863647536, 0.35703728837804805, 0.4797494205342214, 0.8311094440611366, 0.47052219168888065, 0.5695314728322085, 0.28604574938702876, 0.37744282917842664, 0.22704719150623154, 0.6874524970708547, 0.5181706027671005, 0.24731379662932607, 0.2880488732743397, 0.9300837457126756, 0.7873136028318092, 0.39954153988366714, 0.6185474491875581, 0.5707000628198259, 0.2117424760748694, 0.4085912565142733, 0.45036678388956763, 0.31136109083116437, 0.35899235079910063, 0.13395927878725022]

Erro da solução (|Ax - b|): 6.3962282452043734e-12
Erro (|Ax - b|)/|b| 4.794406977356421e-16
Erro no vetor x: 3.023835647148582e-11

Tempo de execução: 3.649688720703125
