Matriz não é simétrica positiva definida

Solução x:
[1, 1, 1, 1, 1, 1, 1, 1, 1, 1, 1, 1, 1, 1, 1, 1, 1, 1, 1, 1, 1, 1, 1, 1, 1, 1, 1, 1, 1, 1, 1, 1, 1, 1, 1, 1, 1, 1, 1, 1, 1, 1, 1, 1, 1, 1, 1, 1, 1, 1, 1, 1, 1, 1, 1, 1, 1, 1, 1, 1, 1, 1]

X_aleatório_inicial:
[0.4336164900771131, 0.6652399980968678, 0.9388109225867122, 0.9601043906148438, 0.08703942659887498, 0.7240694294862843, 0.7900583161035922, 0.2792550082366638, 0.0966481508189464, 0.9911603191839744, 0.8417344647305903, 0.755740976284961, 0.3478784292917867, 0.37328030511781807, 0.48962560274356914, 0.08034726876967413, 0.07782709470012183, 0.649934729377422, 0.5483399311318483, 0.43702120252012067, 0.5937839672018941, 0.928751464715291, 0.9952757687501002, 0.6278416017794327, 0.9127063405128951, 0.6707244567051621, 0.23867366745413854, 0.8503906316438963, 0.35189735217509566, 0.8304565607534198, 0.011961879842943612, 0.31511769381615984, 0.693620823671563, 0.5614342758470399, 0.5412431090066102, 0.5848878470784594, 0.49386935055185954, 0.4071837000045344, 0.3040234621285275, 0.6808820498637387, 0.43921759289496476, 0.9928904976204304, 0.22355602635153382, 0.9344071349975749, 0.40733413210566116, 0.3733592852994355, 0.1572030185215454, 0.20741313549164586, 0.5104241466789508, 0.5216847486495794, 0.4544775312502123, 0.3485087570417996, 0.6437844549973843, 0.5761892372424948, 0.7212098101254651, 0.2066360697748435, 0.7345882093937997, 0.0798394230086944, 0.4222964524938154, 0.8662691728355144, 0.40384631756894884, 0.21746047026534054]

Erro da solução (|Ax - b|): 0.00045885970122852825
Erro no vetor x: 4.296361726110593

Tempo de execução: 0.00024390220642089844
