Solução x:
[0.38532323188763945, 0.992783052845361, 0.36618388490500464, 0.8906405766798864, 0.050487417605111856, 0.6790568486610624, 0.32991697433227984, 0.9108430208323772, 0.5087107879803451, 0.004841278360706954, 0.36728020375480036, 0.592375323377158, 0.6403565823320476, 0.1690650267005292, 0.9378090813699355, 0.3085904888762142, 0.01658303164938032, 0.9354364866155562, 0.27424749544819915, 0.09360496912210602, 0.3417912253966654, 0.3464334910158852, 0.47504783643535825, 0.9936214811154674, 0.3094870508206837, 0.9763160162215389, 0.10203617125890434, 0.5362113726577807, 0.1883644114269079, 0.08978999013794448, 0.17839329723477082, 0.28839307359296795, 0.06825154359052359, 0.9208362804479093, 0.8474394828202251, 0.82937880349079, 0.5840684554128429, 0.8546154901199258, 0.8927589960964692, 0.006466722932228306, 0.9163944184764402, 0.6904103460581212, 0.2257328111342177, 0.812555836594783, 0.9619746080933578, 0.1983722667847303, 0.1824904412404691, 0.9098315677795146, 0.06779765177487791, 0.026811919240605993, 0.1585368099430494, 0.02284502455453548, 0.7706915734902221, 0.4574478488303267, 0.7163747947142575, 0.1711173319713108, 0.41167762614238296, 0.5045069781825308, 0.5265174626274642, 0.48719094552391223, 0.7905334166554056, 0.722338938948993]

X_aleatório_inicial:
[0.3853232318876395, 0.9927830528453608, 0.36618388490500464, 0.8906405766798862, 0.050487417605112106, 0.6790568486610623, 0.3299169743322796, 0.9108430208323769, 0.508710787980345, 0.004841278360706913, 0.3672802037548004, 0.592375323377158, 0.6403565823320475, 0.16906502670052925, 0.9378090813699356, 0.3085904888762141, 0.016583031649380353, 0.9354364866155563, 0.2742474954481994, 0.09360496912210614, 0.3417912253966653, 0.34643349101588505, 0.47504783643535875, 0.9936214811154677, 0.30948705082068395, 0.9763160162215381, 0.10203617125890396, 0.5362113726577804, 0.18836441142690785, 0.08978999013794442, 0.1783932972347706, 0.28839307359296806, 0.06825154359052366, 0.9208362804479098, 0.8474394828202253, 0.8293788034907902, 0.5840684554128429, 0.854615490119926, 0.8927589960964696, 0.006466722932228164, 0.9163944184764402, 0.6904103460581211, 0.22573281113421761, 0.8125558365947827, 0.9619746080933571, 0.19837226678473008, 0.18249044124046931, 0.9098315677795142, 0.06779765177487773, 0.026811919240605886, 0.15853680994304942, 0.022845024554535742, 0.7706915734902222, 0.45744784883032696, 0.7163747947142577, 0.1711173319713104, 0.4116776261423827, 0.5045069781825308, 0.5265174626274643, 0.48719094552391284, 0.7905334166554054, 0.7223389389489929]

Erro da solução (|Ax - b|): 1.1269199588038225e-19
Erro (|Ax - b|)/|b| 2.597697208939385e-16
Erro no vetor x: 1.9823876522614188e-15

Tempo de execução: 0.012183189392089844
