Solução x:
[0.3853232318876395, 0.9927830528453607, 0.3661838849050047, 0.8906405766798864, 0.05048741760511208, 0.6790568486610624, 0.3299169743322797, 0.9108430208323771, 0.5087107879803451, 0.004841278360707015, 0.36728020375480036, 0.592375323377158, 0.6403565823320475, 0.1690650267005292, 0.9378090813699356, 0.3085904888762141, 0.01658303164938032, 0.9354364866155562, 0.2742474954481993, 0.0936049691221061, 0.3417912253966652, 0.34643349101588516, 0.47504783643535897, 0.9936214811154674, 0.30948705082068373, 0.9763160162215382, 0.10203617125890424, 0.5362113726577804, 0.18836441142690802, 0.08978999013794428, 0.17839329723477063, 0.28839307359296823, 0.06825154359052357, 0.9208362804479097, 0.8474394828202253, 0.8293788034907903, 0.5840684554128428, 0.8546154901199255, 0.8927589960964698, 0.006466722932228204, 0.91639441847644, 0.690410346058121, 0.22573281113421773, 0.8125558365947828, 0.9619746080933572, 0.19837226678473022, 0.18249044124046918, 0.9098315677795146, 0.0677976517748778, 0.026811919240606066, 0.15853680994304942, 0.022845024554535413, 0.770691573490222, 0.45744784883032696, 0.7163747947142576, 0.17111733197131052, 0.4116776261423825, 0.5045069781825308, 0.5265174626274642, 0.48719094552391257, 0.7905334166554056, 0.722338938948993]

X_aleatório_inicial:
[0.3853232318876395, 0.9927830528453608, 0.36618388490500464, 0.8906405766798862, 0.050487417605112106, 0.6790568486610623, 0.3299169743322796, 0.9108430208323769, 0.508710787980345, 0.004841278360706913, 0.3672802037548004, 0.592375323377158, 0.6403565823320475, 0.16906502670052925, 0.9378090813699356, 0.3085904888762141, 0.016583031649380353, 0.9354364866155563, 0.2742474954481994, 0.09360496912210614, 0.3417912253966653, 0.34643349101588505, 0.47504783643535875, 0.9936214811154677, 0.30948705082068395, 0.9763160162215381, 0.10203617125890396, 0.5362113726577804, 0.18836441142690785, 0.08978999013794442, 0.1783932972347706, 0.28839307359296806, 0.06825154359052366, 0.9208362804479098, 0.8474394828202253, 0.8293788034907902, 0.5840684554128429, 0.854615490119926, 0.8927589960964696, 0.006466722932228164, 0.9163944184764402, 0.6904103460581211, 0.22573281113421761, 0.8125558365947827, 0.9619746080933571, 0.19837226678473008, 0.18249044124046931, 0.9098315677795142, 0.06779765177487773, 0.026811919240605886, 0.15853680994304942, 0.022845024554535742, 0.7706915734902222, 0.45744784883032696, 0.7163747947142577, 0.1711173319713104, 0.4116776261423827, 0.5045069781825308, 0.5265174626274643, 0.48719094552391284, 0.7905334166554054, 0.7223389389489929]

Erro da solução (|Ax - b|): 5.515641555102084e-20
Erro (|Ax - b|)/|b| 1.2714271817855898e-16
Erro no vetor x: 1.1901811854544714e-15

Tempo de execução: 0.012568950653076172
