Não é uma matriz diagonal dominante

Logs intermediários:
Iteração 1: Resíduo relativo = 0.9378091421081656, x = [0.6458574163901043, 0.8153146792272932, 1.3379009039335563, 1.2143785412917398, 0.43514135676674837, 0.9234992321913438, 1.1651851382543101, 0.5901863933477307, 0.5628778246963234, 1.4471352998569162, 1.192852538235775, 1.0744455106078725, 0.6479040093665626, 0.5918725108479912, 0.029799237128406212, 0.005777727007595083, -0.15235451682182422, 0.7650255351383951, 0.2734804514394166, 0.2430094981074409, 0.6893400480515599, 0.9199367576760363, 0.8734215500757324, 0.4311548305443779, 1.0472412861876073, 0.4738110980107094, 0.06605622572096423, 1.0596605702197925, 0.4544415222895075, 0.6254979080339326, -0.11138633960652125, 0.13455466988843381, 0.3785299035421854, 0.6374858490101317, 0.5674746562397543, 0.4412017513481139, 0.3723634952889681, -0.07838915543648131, -0.12316484310838147, 1.0424022863123532, 0.5728352064378828, 0.8659776975540253, -0.03661792256413818, 0.6379140057834246, 0.2114140380657734, 0.46009505626213476, 0.2556296422394002, 0.06686780817316311, 0.4756671614407091, 0.21230878982888968, 0.21335593937896075, 0.617359159299534, 0.6240153974138549, 0.6174002725824235, 0.3554707196894573, -0.030736606712441487, 0.6759551521421173, 0.25746505591620905, 0.3406087036723176, 0.7530237753638679, 0.4604690163047722, 0.25830434467608954]
Iteração 2: Resíduo relativo = 0.4141761672931228, x = [0.3750473410286274, 0.6963510531023144, 0.9821309128818154, 0.9149863940056147, 0.04135176056235121, 0.7424253126783967, 0.8301052188462448, 0.2474823643373596, 0.09075541861083174, 1.0239503728054962, 0.8126670027817797, 0.6507886932631743, 0.3000594740480981, 0.2267610109360064, 0.5269103736246087, 0.11855951346669145, 0.09694117369113935, 0.6403776898819132, 0.5416486944538612, 0.4616229100277985, 0.6183117670854732, 0.9333604857727842, 0.9831991706906789, 0.63254941742298, 0.9024081836401107, 0.6408376055108822, 0.25932955480595676, 0.8767873444442563, 0.4631372850473421, 0.8348946239116708, 0.07604066683126337, 0.30555209438140196, 0.771278200649706, 0.6044012688366279, 0.5310215349499515, 0.6149702391250664, 0.5952382276294665, 0.36530029353304294, 0.2574085665699973, 0.691788410107539, 0.5124626554883778, 1.0287404977213357, 0.22195553199864462, 0.9009031292139896, 0.47257658212971504, 0.420061052755937, 0.1616354998029472, 0.21585418110481744, 0.5792643579723392, 0.4870737924371407, 0.4120149636815349, 0.35796027959783183, 0.6362975074756114, 0.6031446182331, 0.710678502628031, 0.10996987169207986, 0.753935355701902, 0.1455657906638248, 0.41408471999541163, 0.8397380304410839, 0.4171118887661642, 0.2215663365145425]
Iteração 3: Resíduo relativo = 0.06901110426514925, x = [0.4351166054029259, 0.6775099494055773, 0.9620173711029746, 0.9792939196638778, 0.09129730756447693, 0.7530436554687907, 0.7991857793114997, 0.2982092972314635, 0.09707132070572604, 1.0047970094367573, 0.8390015336436082, 0.7296081726202809, 0.3537734334805595, 0.35860024358482884, 0.4705194803950605, 0.08211506307597316, 0.07411300654805837, 0.6517917734534537, 0.5146573366291166, 0.4208714900040583, 0.6055487160431685, 0.9351150157803039, 0.9934732287608071, 0.6237550284054338, 0.9139665380970914, 0.6468839741666516, 0.21809307536032005, 0.8661129432867611, 0.3694204182262991, 0.8274834229795297, 0.0003249694714878122, 0.27263615846955785, 0.6980522875091532, 0.5733144984699626, 0.5228473543246118, 0.597099051787244, 0.5164665597133608, 0.3841653136366502, 0.27241163965218407, 0.6874265713580525, 0.4436742934188015, 1.000737346838863, 0.2033961273367298, 0.9164733389121276, 0.41508345647554507, 0.38040409846359013, 0.15099856497851416, 0.2186352914189724, 0.5316785006381388, 0.5137589236942388, 0.4384476325994284, 0.34651897516993385, 0.6389320461589327, 0.5779012950372429, 0.7260899327940906, 0.16806622415488054, 0.738563022070347, 0.0989021140078324, 0.42208693080827686, 0.8605612817200796, 0.4067002631266663, 0.21756523110810988]
Iteração 4: Resíduo relativo = 0.021283642733826033, x = [0.4312517096114235, 0.6713818575957676, 0.9420324260237585, 0.963756558177375, 0.08555933279040517, 0.7265853122373772, 0.7894766125531028, 0.27981249047896134, 0.09771525164762258, 0.9834374278464939, 0.8391906320105271, 0.7442842265214173, 0.35103216872534476, 0.36952960492583364, 0.48874170559041963, 0.0862490625028764, 0.08003763948496975, 0.648829456984998, 0.5404430364352918, 0.4376391091749674, 0.5951172461728884, 0.9287509458015469, 0.9968794899786547, 0.6325240431178144, 0.9108218993511135, 0.6603337097964493, 0.23648753071549414, 0.8551868316243392, 0.35773505555068286, 0.8389692166862093, 0.015333326722216148, 0.3072247258552071, 0.7030888084675848, 0.5608889747501075, 0.5329304626161256, 0.5920083799847922, 0.5046252883304964, 0.39843772279869266, 0.2961038325809314, 0.6816220592121991, 0.43916793932241366, 0.9975966518610688, 0.22008676558559376, 0.9322181244353971, 0.40856737265589116, 0.37169496779264893, 0.15442834247257492, 0.2126553631192963, 0.517140040380932, 0.5199970082646732, 0.4492254390917922, 0.3464135343304196, 0.6437049522910914, 0.5752799816818831, 0.7255438698811149, 0.19350560067700665, 0.7354869475161612, 0.08477852116270489, 0.42230852330375535, 0.864917888086966, 0.4045219599432231, 0.21745443486037064]
Iteração 5: Resíduo relativo = 0.006118259419652322, x = [0.43520014020302084, 0.6679256973817872, 0.9407368269504951, 0.9625066765646108, 0.0855397209140847, 0.7239930654377159, 0.7897176735858668, 0.2797591828954656, 0.0963153513921671, 0.9885096814818881, 0.8410358372106511, 0.7526860977375706, 0.3491469742103084, 0.3727368669674925, 0.48667470587696804, 0.08284627182707503, 0.07809920910721223, 0.6497986721738768, 0.5437894869054061, 0.43620941787696954, 0.5940637537488015, 0.9281868808469282, 0.9965107304495057, 0.6290993732420369, 0.9126600318709365, 0.6675515604436388, 0.23777991040616236, 0.8516003364985824, 0.35015698389554917, 0.8342854062857237, 0.011907502123535727, 0.3128229100045711, 0.6961523150230224, 0.5599653434915141, 0.5381582778581095, 0.5881493730511991, 0.49699405522097145, 0.4052169969672704, 0.3019000129967425, 0.6801920581647424, 0.4379693273657242, 0.9946911549998472, 0.22311758247914218, 0.9345989494387856, 0.40708540806326426, 0.37185582137612805, 0.15622669935769348, 0.2092844119059101, 0.5125436227086402, 0.5214922330266092, 0.453016744007029, 0.34758204820616023, 0.6440558471170924, 0.5756830862152942, 0.7232858689876255, 0.20274663144833424, 0.734839142411265, 0.08099578587271451, 0.42223969277643797, 0.8659854384275248, 0.4039881847729437, 0.21748885012402933]
Iteração 6: Resíduo relativo = 0.0021347621347209207, x = [0.43398251860144743, 0.6663627733963523, 0.9390929349319249, 0.9608062903786633, 0.08652538512747665, 0.723604503874221, 0.789868646307412, 0.2792707203982168, 0.09650526245599318, 0.9900792572232693, 0.8416288358759443, 0.7549633175368429, 0.3483303566059352, 0.3733306256166888, 0.4883761012148687, 0.08174493773304511, 0.07824907081198235, 0.6497237413214918, 0.5473693877694615, 0.43709332580373234, 0.5934386178493705, 0.9283250731166043, 0.9958207777462176, 0.6282060937325243, 0.912825027634205, 0.6698257732973606, 0.238573557848617, 0.850602720323797, 0.35050345256419574, 0.8320469234145529, 0.012083166276624542, 0.31481821021400314, 0.6942314338529024, 0.5604596577304579, 0.540303983786105, 0.5860290441713967, 0.4947038922351922, 0.40695970666781883, 0.3034275793249254, 0.6803997393075744, 0.4384432972818122, 0.9934511951406124, 0.22366103093600384, 0.9346896619629683, 0.4070339280450635, 0.37266016151342596, 0.1568709200840555, 0.20794011198185264, 0.5110223208101166, 0.521727207888231, 0.4541129756345925, 0.34821083557053967, 0.6438830634214572, 0.5759636537682178, 0.7219712750374162, 0.20557994854334308, 0.7346764258391847, 0.08007515959448407, 0.4222500868047187, 0.8662173071202159, 0.4038722504265982, 0.21748365310988896]
Iteração 7: Resíduo relativo = 0.0007255743333120815, x = [0.43379150439545905, 0.6655221729795509, 0.938879182585547, 0.9603356324509389, 0.08687275353371227, 0.7238757940389433, 0.7899618570362642, 0.2792494811802035, 0.09659785860520538, 0.9908550650316931, 0.8417445743292106, 0.7555658131244358, 0.3480134681098904, 0.37334904461027785, 0.4889267682618837, 0.08085521805486197, 0.07798286176093074, 0.6498568458470175, 0.5482380629448087, 0.43706947553789594, 0.5935638300345939, 0.9285796595061229, 0.9954920352075972, 0.627890847196886, 0.9127965255816105, 0.6705696941176644, 0.23868715657676493, 0.8503684121920272, 0.3511616374211796, 0.8309960904558983, 0.012031595078741556, 0.3152319693150517, 0.6937179193843056, 0.5610016956226238, 0.5409893979463944, 0.5852123825341355, 0.4940928298711097, 0.40726254925741473, 0.3038810487815488, 0.6806683001496768, 0.4388680490020118, 0.9930419935585548, 0.22367888035033723, 0.9345697570303892, 0.4071957315463162, 0.37310707772305274, 0.157092964965634, 0.20752275186509708, 0.5105780568675495, 0.5217182189716005, 0.4543973822037185, 0.34843847739389094, 0.6438171994179432, 0.5760992631332875, 0.7214538026450079, 0.2063743098271116, 0.7346223666890018, 0.07987686855618974, 0.42227438172828624, 0.8662624177983189, 0.40384969508754665, 0.21747150564810516]
Iteração 8: Resíduo relativo = 0.00026452048387497684, x = [0.43366385433658156, 0.6653078010761949, 0.9388102941132284, 0.9601696623094317, 0.08699529745112092, 0.724006986022312, 0.7900261391896074, 0.27925109608978665, 0.09663062986069176, 0.9911037523594468, 0.8417550343149006, 0.7557125695449262, 0.34791169111873, 0.3733135584740474, 0.48937162810097523, 0.08049122484208361, 0.07788152823684903, 0.6499075126090584, 0.548404120116844, 0.4370360769261383, 0.5936821017515007, 0.9286992799802105, 0.9953427227202483, 0.6278316896514975, 0.9127455478902352, 0.6707382732484455, 0.23868345893665224, 0.850350167828149, 0.351595414272327, 0.830597801135002, 0.011997070655824206, 0.31522519427575474, 0.6936112361786867, 0.5612808414859143, 0.5411783903176077, 0.5849553424763185, 0.49392276529400836, 0.40725575353387744, 0.3039976269656805, 0.6808082532937727, 0.43908407258185694, 0.9929167818522219, 0.22361876133231479, 0.9344759121987607, 0.4072847191103781, 0.37328547197906875, 0.15716766926873296, 0.20742284557793358, 0.5104592355353093, 0.5216957743476754, 0.45446316474331205, 0.34850096034764655, 0.6437976246494339, 0.5761566757788523, 0.7212803203091093, 0.20657854106676937, 0.7346011898907525, 0.07984145802582579, 0.4222889776983814, 0.8662696359070551, 0.40384608603317856, 0.2174642076630576]
Iteração 9: Resíduo relativo = 9.202287853071037e-05, x = [0.4336248452088074, 0.665245209165318, 0.9388008982601909, 0.9601199116741842, 0.08703055822405563, 0.7240558028177442, 0.790049686254985, 0.27925390359403923, 0.09664245318047912, 0.9911611389342637, 0.8417462550604433, 0.7557405216780946, 0.3478844651447979, 0.37329273097855387, 0.4895536247073644, 0.08037405594152365, 0.07784419658068552, 0.6499261784371402, 0.5483980235589925, 0.4370216977264504, 0.5937463344085484, 0.9287397416024951, 0.9952912845322264, 0.6278328050158235, 0.9127185405797128, 0.6707516391565002, 0.23867862360386802, 0.850368029488805, 0.3517964327323732, 0.8304785373631985, 0.011980263591842276, 0.31517453181592814, 0.6936058257931282, 0.5613894966851907, 0.5412276697781988, 0.5848916994047954, 0.4938794002011708, 0.4072173234328915, 0.30402205776073926, 0.6808622332574304, 0.43917495304810894, 0.9928880923408295, 0.2235809379702373, 0.9344304982349272, 0.4073190449281132, 0.37334290756332533, 0.15719214128911396, 0.20740785469287365, 0.5104307396655666, 0.5216862854950268, 0.45447603509768636, 0.34851210280969364, 0.6437905279017611, 0.5761786843172173, 0.7212282319588839, 0.2066257845237101, 0.734592709353429, 0.0798376471333694, 0.42229474583873283, 0.8662700203134905, 0.40384589382996083, 0.2174613235928819]
Iteração 10: Resíduo relativo = 3.019309060301225e-05, x = [0.4336163698488602, 0.6652346480984254, 0.9388048913091812, 0.9601070285328591, 0.08703844994993647, 0.7240688491170474, 0.7900567512338111, 0.27925522022969557, 0.09664634724500357, 0.9911680691786647, 0.8417393690492496, 0.7557432416632545, 0.3478787004977203, 0.373284318088938, 0.48961220915764436, 0.08034512529834739, 0.0778322042938802, 0.6499321745805428, 0.5483695747058728, 0.43701825244117665, 0.5937728788292744, 0.9287500740073782, 0.9952773347325911, 0.6278376528783484, 0.9127093400564996, 0.6707398496907336, 0.23867601532947544, 0.8503813982516513, 0.35187078817498035, 0.8304523439617147, 0.01197023990941179, 0.31514125839142654, 0.6936130997898334, 0.5614245302358505, 0.5412398505712804, 0.5848824938389791, 0.49387009415517946, 0.40719543811935793, 0.30402507666997414, 0.6808786618177278, 0.43920681763840924, 0.992885824162281, 0.22356459001060439, 0.9344134199970038, 0.4073301182902111, 0.37335763973639957, 0.15719982917862466, 0.20740931084637315, 0.5104249276670152, 0.5216840573194158, 0.45447781891322847, 0.3485116280693502, 0.6437872020001411, 0.5761863386267092, 0.7212140796716372, 0.20663510611170663, 0.7345895504944284, 0.07983831275268755, 0.42229638323922997, 0.8662696260046524, 0.4038460909843799, 0.2174605048926333]
Iteração 11: Resíduo relativo = 9.621591714269062e-06, x = [0.4336152500735221, 0.6652358945681315, 0.9388083290071663, 0.9601044589318591, 0.08703965512489281, 0.7240708560724225, 0.7900584069564112, 0.27925536873642265, 0.09664761192208642, 0.9911651802125784, 0.8417361264558841, 0.7557422934451785, 0.3478780320904063, 0.37328146418210634, 0.4896266744792325, 0.08034219992458455, 0.07782882287009506, 0.6499338652924354, 0.5483517548246575, 0.4370189506323988, 0.5937816305185734, 0.9287518329850006, 0.9952748273031404, 0.6278400953535067, 0.9127069181306137, 0.6707307808214149, 0.23867469530233146, 0.8503876161124418, 0.3518932245277357, 0.8304509311954923, 0.011965210933490846, 0.315125745048634, 0.6936177748991217, 0.5614335311516925, 0.5412425955629477, 0.5848841689176267, 0.4938688225838769, 0.407186822201189, 0.30402451070754044, 0.6808823392024078, 0.4392159153644047, 0.9928879373553181, 0.2235586716567504, 0.9344082300361705, 0.40733322325977894, 0.37336009735145337, 0.15720212701494246, 0.20741158785834596, 0.5104240580263292, 0.5216840661584521, 0.45447779012660283, 0.34851007981967497, 0.6437855645016411, 0.5761886546459122, 0.7212106282582397, 0.20663638048148683, 0.7345885181542873, 0.07983896278745778, 0.42229664112748305, 0.8662693621403819, 0.40384622291651523, 0.21746037594850678]
Iteração 12: Resíduo relativo = 3.210265514242397e-06, x = [0.43361566248780287, 0.6652380189020393, 0.9388100386355723, 0.9601042234485997, 0.08703962766113817, 0.7240704669839647, 0.790058563708259, 0.2792552301370926, 0.09664800340819686, 0.9911624291233764, 0.8417349190987361, 0.7557415189936385, 0.34787819628258076, 0.3732806047541523, 0.489628137166114, 0.0803442081573294, 0.07782777117965926, 0.6499343911376533, 0.5483437846100053, 0.4370200568331346, 0.5937838806475346, 0.9287518142200615, 0.9952749758069147, 0.6278410613112076, 0.9127064150988831, 0.670726530018208, 0.23867407679385855, 0.8503898809652901, 0.351898129721305, 0.8304534681312965, 0.011963070690383241, 0.315119909941657, 0.6936197801656826, 0.5614349735946972, 0.5412431018282686, 0.5848862369655162, 0.49386897741797786, 0.4071842002241052, 0.3040239124085416, 0.6808826357609475, 0.4392177959153557, 0.9928895093029192, 0.22355677123541756, 0.9344070628123216, 0.407333978096924, 0.37335993493659986, 0.15720278039591062, 0.2074126888679914, 0.5104240427900351, 0.5216843960493135, 0.45447764367880433, 0.34850921344977803, 0.6437848391843207, 0.5761892139231648, 0.7212099047335686, 0.20663632041999475, 0.7345882416522063, 0.07983926126201585, 0.42229658455649777, 0.8662692427474369, 0.4038462826129877, 0.21746040423399943]
Iteração 13: Resíduo relativo = 1.2143157314228644e-06, x = [0.43361609680227053, 0.6652392510358224, 0.9388106939001997, 0.9601043071414227, 0.08703951051667584, 0.7240699290560978, 0.7900584555906234, 0.2792551107435078, 0.09664811384690024, 0.9911610445758351, 0.8417345516204211, 0.7557411670396899, 0.3478783448110436, 0.3732803723209426, 0.48962713304974154, 0.0803459301660231, 0.0778273730892214, 0.6499345901828723, 0.5483408974157489, 0.4370207232539895, 0.5937842118270036, 0.9287516314055168, 0.9952753821791179, 0.627841414545361, 0.9127063403506611, 0.6707249778280799, 0.23867381574774077, 0.8503905357821704, 0.3518983867584489, 0.8304552940919128, 0.011962268738149864, 0.3151181112106832, 0.6936205008381925, 0.561434796880473, 0.5412431487013184, 0.5848872984052051, 0.4938691857672961, 0.40718363327882245, 0.3040236243831935, 0.6808823749990665, 0.43921789579233755, 0.9928902098382064, 0.22355621701563994, 0.9344069630348777, 0.4073341267256951, 0.3733595715992459, 0.1572029576090728, 0.20741305808408622, 0.5104240996429322, 0.5216846105084495, 0.4544775701681013, 0.3485088756773732, 0.6437845634996269, 0.576189290379998, 0.7212097934460336, 0.20663618283223956, 0.7345881923489892, 0.07983937170675039, 0.42229651322875017, 0.8662691965926891, 0.40384630569036156, 0.21746043989787323]
Iteração 14: Resíduo relativo = 4.887578380834418e-07, x = [0.4336163326912695, 0.6652397733221301, 0.9388108912466505, 0.9601043643003592, 0.0870394516137893, 0.7240696204966793, 0.7900583699186607, 0.27925504877043084, 0.09664814196927517, 0.9911605136143932, 0.8417344659330738, 0.7557410366851596, 0.347878407944332, 0.3732803167708308, 0.48962627204539466, 0.08034679675705877, 0.07782720599835635, 0.6499346737283047, 0.5483400579367, 0.4370210259621754, 0.5937841360986008, 0.9287515278794501, 0.9952756217736946, 0.6278415391188014, 0.9127063369718273, 0.6707245276882593, 0.23867371692523684, 0.8503906657230504, 0.35189791818592314, 0.8304561422565271, 0.011961997300738741, 0.3151176897125066, 0.6936207322428475, 0.5614345144218553, 0.5412431313277615, 0.58488770257437, 0.4938692903953312, 0.4071836006672921, 0.3040235145380018, 0.6808821785112749, 0.43921774556478693, 0.9928904439079148, 0.22355606955683477, 0.9344070398042565, 0.40733414323567224, 0.37335937831089133, 0.15720300359435346, 0.20741314397870744, 0.5104241301122684, 0.5216847053932849, 0.45447754300638854, 0.34850877457672647, 0.6437844761756024, 0.5761892721593735, 0.7212097926324126, 0.20663611172236654, 0.734588194960704, 0.07983940801673901, 0.42229647458318503, 0.8662691803891185, 0.40384631379214686, 0.2174604592206558]
Iteração 15: Resíduo relativo = 1.8927325803269413e-07, x = [0.4336164339936466, 0.6652399497596615, 0.9388109326112823, 0.9601043848811902, 0.08703943148077499, 0.724069488245126, 0.7900583311048649, 0.2792550227121803, 0.09664814855373506, 0.9911603517653674, 0.8417344558125631, 0.755740993860535, 0.34787842685370884, 0.3732803057957983, 0.4896258387498768, 0.08034713646891788, 0.07782713660259777, 0.6499347084261841, 0.5483398887766936, 0.4370211433836584, 0.5937840445890934, 0.9287514855742636, 0.9952757234427448, 0.6278415815769227, 0.9127063394679588, 0.6707244369320602, 0.23867368286836613, 0.8503906654371938, 0.3518975838541881, 0.8304564527208882, 0.011961912808749002, 0.3151176430153639, 0.6936208001102048, 0.5614343606024156, 0.5412431178410955, 0.5848878239902199, 0.4938693310289124, 0.4071836480520004, 0.30402347770069527, 0.6808820892592808, 0.43921764702677957, 0.9928905004481923, 0.22355603428964196, 0.934407097951576, 0.4073341391309149, 0.37335930661512434, 0.1572030150293336, 0.2074131503663988, 0.5104241416246375, 0.5216847384915152, 0.4544775344157523, 0.34850875356870187, 0.6437844549471912, 0.5761892521611537, 0.7212098016726336, 0.20663608369418368, 0.7345882025289288, 0.07983941896228125, 0.4222964589533437, 0.8662691750984067, 0.40384631643750274, 0.21746046703557645]
Iteração 16: Resíduo relativo = 6.742314381315848e-08, x = [0.4336164718091737, 0.6652399956650172, 0.9388109334075561, 0.9601043901567357, 0.08703942656337324, 0.7240694425237706, 0.7900583182655704, 0.27925501303600925, 0.09664815010548479, 0.9911603159206185, 0.8417344593622577, 0.7557409809995355, 0.3478784304356423, 0.37328030446670607, 0.48962566889394726, 0.08034724415030955, 0.07782710947870831, 0.6499347219881288, 0.5483398878429846, 0.4370211842274907, 0.5937839953538685, 0.9287514709056788, 0.995275758204813, 0.6278415954977535, 0.9127063405012775, 0.6707244356114472, 0.2386736719966434, 0.8503906488160001, 0.35189742918839617, 0.8304565438167572, 0.011961888397798773, 0.315117663864959, 0.6936208183161653, 0.5614342994271744, 0.5412431119518637, 0.5848878502278203, 0.49386934475823213, 0.4071836805105531, 0.30402346642132255, 0.6808820583062957, 0.4392176067269315, 0.9928905060621386, 0.22355602710178366, 0.934407123976233, 0.4073341352043185, 0.37335928685060005, 0.1572030177496982, 0.20741314359175514, 0.5104241453072879, 0.5216847475495707, 0.45447753199831376, 0.34850875287070776, 0.6437844523776843, 0.5761892421650132, 0.7212098068418745, 0.20663607402916714, 0.7345882068947811, 0.07983942201326268, 0.42229645386549247, 0.8662691734748694, 0.4038463172492714, 0.21746046957950207]
Iteração 17: Resíduo relativo = 2.1948224528043116e-08, x = [0.43361648456525936, 0.6652400025157762, 0.9388109284262223, 0.9601043909772534, 0.08703942601293, 0.7240694302149485, 0.7900583154085559, 0.27925500973650585, 0.09664815055150423, 0.9911603133335217, 0.8417344625854873, 0.755740977436193, 0.3478784302832709, 0.37328030468229073, 0.4896256150532515, 0.0803472698414472, 0.07782709959566828, 0.6499347269296487, 0.5483399088522387, 0.4370211972654202, 0.5937839754163764, 0.9287514663784078, 0.9952757676402582, 0.6278415998864368, 0.9127063406731359, 0.6707244459637568, 0.23867366873322404, 0.8503906382994573, 0.35189737251316916, 0.8304565630643176, 0.011961881852899665, 0.31511768184730987, 0.6936208227001537, 0.5614342801684694, 0.5412431098756112, 0.5848878517945746, 0.49386934896428586, 0.4071836944589317, 0.30402346322190454, 0.6808820501916031, 0.4392175945716562, 0.9928905024724868, 0.2235560260846356, 0.9344071327776253, 0.40733413327998524, 0.3733592836204138, 0.15720301836426037, 0.20741313863410515, 0.5104241463516425, 0.5216847491718577, 0.4544775313938381, 0.3485087549412929, 0.6437844533779622, 0.576189238461439, 0.7212098089899406, 0.2066360709842256, 0.7345882086775426, 0.07983942279448479, 0.42229645257970083, 0.8662691730050318, 0.40384631748419025, 0.21746047022239787]
Iteração 18: Resíduo relativo = 6.7285344397302416e-09, x = [0.43361648852900525, 0.6652400011251544, 0.9388109250367831, 0.9601043908895849, 0.08703942626035126, 0.7240694282471254, 0.7900583153452784, 0.2792550086818721, 0.09664815071984426, 0.9911603160305462, 0.8417344640820048, 0.7557409765305408, 0.347878429753372, 0.3732803049246828, 0.4896256022076826, 0.08034727257306609, 0.07782709622713613, 0.6499347286139149, 0.5483399223876682, 0.4370212011233389, 0.5937839689038233, 0.9287514651159228, 0.9952757693249227, 0.6278416012226853, 0.9127063406252958, 0.6707244525907755, 0.2386736678007949, 0.8503906337199365, 0.35189735569799513, 0.8304565641124764, 0.011961880245567555, 0.3151176901937139, 0.6936208235919918, 0.5614342756638495, 0.541243109236077, 0.5848878496042298, 0.4938693501516548, 0.4071836990014984, 0.3040234623803936, 0.6808820490075823, 0.4392175921853704, 0.9928904995601993, 0.22355602613251555, 0.9344071349851132, 0.4073341325114435, 0.3733592840794699, 0.15720301849371496, 0.20741313642340786, 0.510424146614861, 0.5216847490931645, 0.45447753126533685, 0.3485087562730529, 0.64378445431307, 0.5761892373986637, 0.7212098097631555, 0.20663607009380058, 0.7345882092512389, 0.07983942297337206, 0.4222964523887584, 0.8662691728771023, 0.403846317548155, 0.21746047031786908]

Solução x:
[0.43361648852900525, 0.6652400011251544, 0.9388109250367831, 0.9601043908895849, 0.08703942626035126, 0.7240694282471254, 0.7900583153452784, 0.2792550086818721, 0.09664815071984426, 0.9911603160305462, 0.8417344640820048, 0.7557409765305408, 0.347878429753372, 0.3732803049246828, 0.4896256022076826, 0.08034727257306609, 0.07782709622713613, 0.6499347286139149, 0.5483399223876682, 0.4370212011233389, 0.5937839689038233, 0.9287514651159228, 0.9952757693249227, 0.6278416012226853, 0.9127063406252958, 0.6707244525907755, 0.2386736678007949, 0.8503906337199365, 0.35189735569799513, 0.8304565641124764, 0.011961880245567555, 0.3151176901937139, 0.6936208235919918, 0.5614342756638495, 0.541243109236077, 0.5848878496042298, 0.4938693501516548, 0.4071836990014984, 0.3040234623803936, 0.6808820490075823, 0.4392175921853704, 0.9928904995601993, 0.22355602613251555, 0.9344071349851132, 0.4073341325114435, 0.3733592840794699, 0.15720301849371496, 0.20741313642340786, 0.510424146614861, 0.5216847490931645, 0.45447753126533685, 0.3485087562730529, 0.64378445431307, 0.5761892373986637, 0.7212098097631555, 0.20663607009380058, 0.7345882092512389, 0.07983942297337206, 0.4222964523887584, 0.8662691728771023, 0.403846317548155, 0.21746047031786908]

X_aleatório_inicial:
[0.4336164900771131, 0.6652399980968678, 0.9388109225867122, 0.9601043906148438, 0.08703942659887498, 0.7240694294862843, 0.7900583161035922, 0.2792550082366638, 0.0966481508189464, 0.9911603191839744, 0.8417344647305903, 0.755740976284961, 0.3478784292917867, 0.37328030511781807, 0.48962560274356914, 0.08034726876967413, 0.07782709470012183, 0.649934729377422, 0.5483399311318483, 0.43702120252012067, 0.5937839672018941, 0.928751464715291, 0.9952757687501002, 0.6278416017794327, 0.9127063405128951, 0.6707244567051621, 0.23867366745413854, 0.8503906316438963, 0.35189735217509566, 0.8304565607534198, 0.011961879842943612, 0.31511769381615984, 0.693620823671563, 0.5614342758470399, 0.5412431090066102, 0.5848878470784594, 0.49386935055185954, 0.4071837000045344, 0.3040234621285275, 0.6808820498637387, 0.43921759289496476, 0.9928904976204304, 0.22355602635153382, 0.9344071349975749, 0.40733413210566116, 0.3733592852994355, 0.1572030185215454, 0.20741313549164586, 0.5104241466789508, 0.5216847486495794, 0.4544775312502123, 0.3485087570417996, 0.6437844549973843, 0.5761892372424948, 0.7212098101254651, 0.2066360697748435, 0.7345882093937997, 0.0798394230086944, 0.4222964524938154, 0.8662691728355144, 0.40384631756894884, 0.21746047026534054]

Erro da solução (|Ax - b|): 3.6987064504108877e-13
Erro no vetor x:1.4342471135372923e-08

Tempo de execução: 0.005060672760009766
