Não é uma matriz diagonal dominante

Logs intermediários:
Iteração 1: Resíduo relativo = 0.00012887377379840298, x = [ 0.9544887   0.96466053  1.01227645  1.01185318  0.98698473  0.94407824
  0.89011283  0.93403323  1.07217578  1.05946721  0.80227038  1.03397039
  0.96642867  0.93536587  0.93902261  0.81397546  0.80900982  0.88567324
  0.73441556  0.76629062  0.68475543  0.81214595  0.78682578  0.73548765
  0.86008658  0.62743     0.6333016   0.84658972  0.8832074   0.88592208
  0.775493    0.88643006  0.69172897  0.70629722  0.60517498  0.67267572
  0.66666618  0.65486478  0.36590847  0.92118821  0.93321348  0.76125112
  0.1314139   0.35311427  0.16830718  0.28006268 -0.1479168   0.41699254
  0.08513784  0.28289749  0.4864325   0.81124945  0.64709588  0.42572816
  0.56961902  0.70375263  0.59454438  0.50803677  0.39627996  0.3209512
  0.65475231  0.65157526]
Iteração 2: Resíduo relativo = 4.3540251033710285e-05, x = [ 0.83767795  0.87196482  1.00051807  0.99837111  0.92665193  0.78317386
  0.55371304  0.64198937  1.06495306  1.03458365  0.34404822  0.86005926
  0.80631884  0.72773293  0.84120253  0.58079332  0.55171381  0.6793649
  0.37210634  0.44165964  0.22617606  0.60249625  0.53397948  0.36997075
  0.63977345  0.11230296  0.13081777  0.61802477  0.69968524  0.79487625
  0.51469126  0.90832038  0.67920278  0.32248475  0.09053378  0.25898091
  0.28411188  0.69814558  0.30395546  0.853485    0.94014524  1.0705511
  0.15355542  0.42229395  0.27186187  0.27825428 -0.04241633  0.57187476
  0.05879807  0.26671407  0.75272705  0.94913006  0.48996988  0.40545967
  0.74628811  0.55308303  0.89464844  0.74057935  0.34958432  0.18319658
  0.33485558  0.29972166]
Iteração 3: Resíduo relativo = 3.588642014575527e-05, x = [0.68293201 0.74716774 0.92802561 0.93671262 0.82701711 0.6116269
 0.31408904 0.42726096 0.98302212 0.95578786 0.21080406 0.72697571
 0.69956818 0.60015072 0.79653787 0.62533339 0.55076811 0.54180212
 0.35070238 0.39890108 0.13495679 0.70615943 0.61811796 0.34235132
 0.54775057 0.0597697  0.08438226 0.55392047 0.61857737 0.89684038
 0.52491242 0.8769788  0.85907312 0.29542116 0.03608627 0.21487074
 0.28827064 0.73476893 0.42688168 0.85102373 0.77909876 0.89366656
 0.20353792 0.42498903 0.22656134 0.16298696 0.11455764 0.50004875
 0.074429   0.17184183 0.69800585 0.94265207 0.40980309 0.42598698
 0.65951661 0.3425051  0.87706137 0.67978242 0.45838316 0.2646979
 0.30299819 0.21430132]
Iteração 4: Resíduo relativo = 1.998595166462083e-05, x = [ 0.50338177  0.60267033  0.83478199  0.86946531  0.70910697  0.40471382
  0.11492963  0.27155483  0.86003948  0.84956626  0.15057617  0.65627548
  0.59658513  0.47915834  0.75218558  0.70755992  0.58768954  0.41427468
  0.37164888  0.37905761  0.09276944  0.83712723  0.74091769  0.36050343
  0.45852624  0.07384999  0.10670204  0.50220853  0.53615319  0.99971979
  0.5430259   0.96029491  0.91831537  0.31066384  0.02867656  0.22660439
  0.32930015  0.80137866  0.40980214  0.84844133  0.72045285  0.94234384
  0.08631673  0.51941981  0.15485229  0.22462874  0.04957514  0.51669992
 -0.02059868  0.16373863  0.64518341  0.96946212  0.35299275  0.45428361
  0.741046    0.25588127  0.82222621  0.74956479  0.51925314  0.31863769
  0.28868822  0.15749263]
Iteração 5: Resíduo relativo = 1.5178459042750488e-05, x = [0.36261165 0.48916828 0.76266308 0.82730421 0.6174874  0.25165638
 0.08129736 0.25418601 0.76309927 0.7868409  0.18851143 0.66882756
 0.54623474 0.43258381 0.71474408 0.75620012 0.61992693 0.3457325
 0.38488835 0.35144332 0.07230457 0.89109966 0.79996982 0.37593066
 0.38453017 0.09551652 0.1409783  0.45568209 0.46628163 1.00126026
 0.54013452 0.98174278 0.86679631 0.29259459 0.03433144 0.24085317
 0.35937727 0.75816469 0.37459303 0.82566196 0.70957674 0.95138458
 0.0905919  0.45404561 0.217072   0.17749899 0.07701015 0.4710103
 0.01840323 0.19361058 0.66236216 0.98305889 0.30874093 0.43412776
 0.81258167 0.26260345 0.79596921 0.78332362 0.48468742 0.25163337
 0.27729248 0.14799066]
Iteração 6: Resíduo relativo = 9.737009859760442e-06, x = [0.23326861 0.38208339 0.7014602  0.79565089 0.53133055 0.12549346
 0.09544833 0.30440572 0.68925313 0.74753192 0.21221379 0.68959812
 0.5197913  0.43377276 0.67691916 0.77489788 0.64079288 0.30206672
 0.38961241 0.31455116 0.04465958 0.90180149 0.81295523 0.37524335
 0.31296249 0.10708542 0.1546418  0.40125063 0.40499779 0.96902739
 0.54240998 0.95560698 0.82039613 0.25158418 0.0403698  0.25269224
 0.36924121 0.75493884 0.33572027 0.80219772 0.70665961 0.9628929
 0.11777198 0.46159143 0.19629711 0.20014386 0.07051442 0.47780104
 0.04443283 0.22229042 0.6731753  0.99381569 0.33365042 0.47307181
 0.73458986 0.2574675  0.82154648 0.74564632 0.47112329 0.22155864
 0.30053988 0.1747154 ]
Iteração 7: Resíduo relativo = 5.773616785317827e-06, x = [0.16163934 0.31850144 0.67160131 0.78295937 0.48121181 0.07229761
 0.11173569 0.34873721 0.67412208 0.74734488 0.20133309 0.69092158
 0.5246069  0.45285488 0.65673937 0.76979841 0.64760671 0.29139733
 0.39633001 0.29414961 0.02732156 0.89483571 0.79939515 0.36927347
 0.27882905 0.1146641  0.14642766 0.36672753 0.38291836 0.96107816
 0.55816533 0.94018882 0.82228784 0.23056555 0.04454008 0.25673602
 0.3625527  0.76586826 0.3368485  0.79038851 0.71681294 0.94723792
 0.13887116 0.45972083 0.19324282 0.20205746 0.06022958 0.4776822
 0.03744487 0.18616027 0.67763211 0.98256755 0.35479733 0.45311926
 0.73397072 0.29359756 0.8092567  0.77073122 0.46416433 0.26257952
 0.32921688 0.19856223]
Iteração 8: Resíduo relativo = 3.210146919716487e-06, x = [0.1195663  0.27728614 0.65682755 0.7794824  0.44969    0.05518816
 0.11613406 0.36615644 0.68237861 0.75808141 0.18589223 0.69589026
 0.53757394 0.47214751 0.64919146 0.76197369 0.65052798 0.29499996
 0.40597676 0.28632648 0.02295508 0.89309426 0.78803245 0.36933968
 0.26912744 0.12692647 0.13738419 0.34835637 0.38046882 0.97283278
 0.57413623 0.9494201  0.82944874 0.22673122 0.0452665  0.25602221
 0.35322985 0.76896061 0.35962006 0.78438587 0.73790686 0.93962064
 0.13183142 0.46306934 0.2016419  0.19439351 0.05870636 0.48979657
 0.03368297 0.18687916 0.65322669 0.98308316 0.36694082 0.43663609
 0.74403415 0.31157439 0.82381704 0.75398424 0.47774298 0.25069
 0.32499163 0.20739262]
Iteração 9: Resíduo relativo = 1.9945804960862156e-06, x = [0.09546278 0.2511644  0.65059884 0.78008432 0.42982679 0.0561997
 0.11592251 0.36281824 0.69620701 0.76628794 0.18626772 0.70210661
 0.5506214  0.48221449 0.65038178 0.75769835 0.65086035 0.30295129
 0.41054238 0.28397618 0.02655921 0.89703832 0.78514692 0.3735263
 0.27249233 0.13934831 0.13583502 0.34126859 0.38264026 0.98169193
 0.58088576 0.95217663 0.83075745 0.22491593 0.04331656 0.25259508
 0.34610712 0.76176807 0.37020955 0.7823256  0.74688214 0.93349371
 0.11918085 0.47171964 0.20250903 0.19249187 0.0548796  0.49073853
 0.0403519  0.18578372 0.67120707 0.98120547 0.36971598 0.43671764
 0.74044249 0.31130884 0.82840542 0.75013367 0.46660966 0.25509527
 0.31534821 0.19757455]
Iteração 10: Resíduo relativo = 1.2243036200157274e-06, x = [0.08034162 0.23351037 0.64788629 0.78128665 0.41563034 0.06283262
 0.11747691 0.35530247 0.70770741 0.77054061 0.19138865 0.70393143
 0.55964543 0.48693674 0.65519601 0.75537379 0.64839115 0.31040896
 0.40870859 0.28202184 0.03017199 0.89967344 0.78462822 0.37458382
 0.27833386 0.14697306 0.13866004 0.33810537 0.38328937 0.98160507
 0.58057759 0.9476335  0.83313648 0.22045701 0.04168736 0.2503595
 0.34287637 0.75944504 0.36522858 0.78408474 0.74602618 0.93005221
 0.12653045 0.4703921  0.20756078 0.19978442 0.05409145 0.49270813
 0.02884044 0.1905559  0.67317576 0.98000478 0.36322661 0.43662602
 0.74025771 0.30852723 0.82856305 0.74921915 0.46746469 0.25695048
 0.30921615 0.19333384]
Iteração 11: Resíduo relativo = 6.30317657991631e-07, x = [0.07169698 0.22272778 0.64663999 0.78187324 0.40607036 0.06934972
 0.12004052 0.35066423 0.71562842 0.77190946 0.19351484 0.70199218
 0.56345755 0.48735751 0.66043837 0.75418563 0.64496099 0.31562409
 0.40533453 0.2809479  0.03124898 0.89937013 0.78330314 0.37062399
 0.28266226 0.14907578 0.14175362 0.33624242 0.38328812 0.97881801
 0.57725343 0.9488975  0.82995094 0.21752414 0.04104925 0.25017393
 0.34445616 0.75789587 0.36630851 0.787882   0.7455206  0.9351842
 0.12637982 0.46855279 0.20137236 0.2020585  0.05799456 0.48877615
 0.03122944 0.18971508 0.67000072 0.97761317 0.35968866 0.44070784
 0.74182852 0.30783799 0.82494682 0.75086516 0.47231545 0.25688731
 0.30921238 0.19491831]
Iteração 12: Resíduo relativo = 3.9293342736011484e-07, x = [0.06894303 0.21908059 0.64637773 0.78156662 0.40221201 0.07263242
 0.12062206 0.35073089 0.71770738 0.77246596 0.19314343 0.70078511
 0.56224552 0.48568428 0.66297145 0.7539486  0.64372058 0.31756944
 0.405266   0.28199151 0.03096768 0.89898993 0.78228788 0.36696178
 0.28466197 0.14844279 0.14241361 0.33574801 0.38403347 0.97812736
 0.57653137 0.9496064  0.83000003 0.217634   0.04165669 0.25093062
 0.34573254 0.75868854 0.36499362 0.79058532 0.7433238  0.93408053
 0.12588389 0.46700999 0.20020572 0.20010073 0.0573775  0.49184198
 0.03284509 0.19135638 0.66940277 0.97952415 0.36028103 0.44239484
 0.74324504 0.30711476 0.8238885  0.75128151 0.47082862 0.25668925
 0.31142079 0.19489846]
Iteração 13: Resíduo relativo = 2.3590419643059636e-07, x = [0.06762612 0.21732464 0.64638621 0.78118073 0.39999032 0.07450134
 0.12056751 0.35175233 0.71790395 0.77278049 0.19268674 0.70034258
 0.5606027  0.48417205 0.66435993 0.75369691 0.64321275 0.31854397
 0.40614594 0.28317747 0.03061111 0.89908947 0.78196305 0.36490433
 0.28630357 0.14768905 0.14246753 0.33591059 0.38487124 0.97791449
 0.57650289 0.95087705 0.8308911  0.21829459 0.0420043  0.25108582
 0.34624156 0.75805232 0.36378092 0.79219698 0.74247553 0.93540409
 0.12657576 0.46811536 0.20169885 0.19985346 0.05719755 0.49101215
 0.03292535 0.190431   0.66936835 0.97922538 0.36126613 0.44194253
 0.74298049 0.30606885 0.8240965  0.75086989 0.46987858 0.25586333
 0.31266555 0.1951121 ]
Iteração 14: Resíduo relativo = 1.1966044210042443e-07, x = [0.06707499 0.21662801 0.64651798 0.7810115  0.39885667 0.07544986
 0.12033114 0.35254171 0.7172344  0.77293153 0.19258477 0.70030767
 0.55954306 0.48339739 0.66488736 0.75333767 0.64294701 0.31890599
 0.40682059 0.28364558 0.03036006 0.89924344 0.78213227 0.36442486
 0.28747178 0.14729755 0.14249257 0.33637831 0.38533051 0.97742158
 0.57641502 0.95077956 0.83081224 0.21862401 0.04183841 0.25082589
 0.34626581 0.75763186 0.36381721 0.79291119 0.74183515 0.93525338
 0.12584089 0.46790051 0.20186592 0.20024139 0.05706306 0.49071047
 0.03296489 0.19068976 0.66983671 0.97900366 0.3613436  0.44069351
 0.74241396 0.30593171 0.82507148 0.75154051 0.47063605 0.255735
 0.31290436 0.19556143]
Iteração 15: Resíduo relativo = 7.506317657093514e-08, x = [0.06685654 0.21637449 0.64665051 0.78101212 0.39821665 0.07590602
 0.12001138 0.35283365 0.71638881 0.7728735  0.19261548 0.70036258
 0.55912107 0.48316542 0.66502421 0.75297702 0.64274847 0.31899465
 0.40719252 0.28358174 0.03017671 0.89918205 0.78238559 0.36458166
 0.28825578 0.14713471 0.14263206 0.33691251 0.38551805 0.97681629
 0.57634758 0.95062179 0.83077474 0.2188447  0.04158041 0.25048211
 0.34609513 0.75756409 0.36434261 0.79322594 0.74180747 0.93507512
 0.1256885  0.46785935 0.20193282 0.20068401 0.05735955 0.49094566
 0.0328551  0.19044364 0.66945838 0.978976   0.36160816 0.44071883
 0.74222676 0.30620429 0.82483471 0.75175885 0.47018874 0.25550117
 0.31262977 0.19547086]
Iteração 16: Resíduo relativo = 3.979244766630093e-08, x = [0.06677366 0.21626603 0.64671829 0.78108066 0.3978219  0.07610101
 0.11983007 0.35280289 0.71574225 0.77280462 0.19253084 0.70044146
 0.55904522 0.48313836 0.66506328 0.75279042 0.64269866 0.31900809
 0.40742062 0.28344199 0.03007297 0.89898226 0.78245077 0.36468266
 0.28868243 0.14701886 0.1427766  0.33730327 0.38561351 0.97642479
 0.57639891 0.95076403 0.83090551 0.21909755 0.0414762  0.25024581
 0.34590426 0.75738534 0.36439923 0.79338419 0.74208845 0.93513044
 0.125825   0.46767983 0.20191127 0.20037832 0.05718751 0.49085796
 0.03272355 0.19053861 0.66944615 0.97903539 0.36173617 0.44108752
 0.74219974 0.30638473 0.8248313  0.75171034 0.47031484 0.25578306
 0.31250475 0.19546708]
Iteração 17: Resíduo relativo = 2.2094888994675096e-08, x = [0.0667656  0.21622739 0.64672796 0.78115138 0.39763414 0.07614079
 0.11979229 0.35267451 0.71543133 0.77278242 0.19245983 0.70051116
 0.55911052 0.48320186 0.66507883 0.75278663 0.64279615 0.31899587
 0.40752324 0.28340915 0.03005622 0.89883003 0.78235416 0.36462369
 0.28880706 0.14692607 0.14284253 0.33747881 0.38566155 0.97628416
 0.57647156 0.95072913 0.83089587 0.21925738 0.04148628 0.25018747
 0.34583873 0.75752669 0.36437096 0.79347367 0.74213354 0.93521325
 0.12586966 0.46763836 0.201915   0.20039592 0.05711784 0.4909033
 0.03285268 0.19049878 0.66954664 0.97906188 0.36161598 0.44097531
 0.74223139 0.3064051  0.82468173 0.75148044 0.47039641 0.25585925
 0.31243785 0.19544937]
Iteração 18: Resíduo relativo = 1.1163196046342307e-08, x = [0.06677645 0.21620835 0.64671955 0.78120119 0.39753775 0.07614544
 0.11979712 0.35261963 0.71530545 0.77276553 0.19245821 0.70052691
 0.55916475 0.48327796 0.66508399 0.75281804 0.64290542 0.31896567
 0.40754859 0.28342159 0.03007084 0.89876399 0.78225711 0.36455275
 0.28884904 0.14686727 0.14285985 0.33757314 0.38568852 0.97625079
 0.57650514 0.95063184 0.8308327  0.21933887 0.04151047 0.25015449
 0.34584189 0.75755978 0.3643446  0.79350328 0.74206099 0.93518067
 0.12585788 0.46774188 0.20190516 0.20035475 0.0571239  0.49086303
 0.03284267 0.19045281 0.66954054 0.97905098 0.36157234 0.44102091
 0.74231427 0.30644926 0.82475187 0.75146323 0.47041464 0.25584701
 0.31240798 0.19541063]
Iteração 19: Resíduo relativo = 5.237947531496052e-09, x = [0.06679141 0.21619676 0.64670593 0.78123254 0.39748061 0.0761376
 0.11980204 0.3526241  0.71526849 0.77274699 0.19247353 0.70051072
 0.55919437 0.48333892 0.66507868 0.75283431 0.64297035 0.31891702
 0.40752506 0.28342897 0.0300939  0.89875089 0.78220492 0.36452198
 0.28887895 0.1468476  0.14285528 0.33764398 0.38570271 0.97626745
 0.5765073  0.95065718 0.8308188  0.21937999 0.04152664 0.2501288
 0.34586646 0.75755014 0.36435133 0.79350515 0.74206046 0.93520902
 0.12587696 0.46775795 0.20186688 0.20031708 0.0571717  0.49089408
 0.03280643 0.19044995 0.66953317 0.97907309 0.36152288 0.44098754
 0.74227987 0.30644092 0.82478126 0.75150024 0.47038725 0.25584926
 0.31241907 0.19538612]

Solução x:
[0.06679141 0.21619676 0.64670593 0.78123254 0.39748061 0.0761376
 0.11980204 0.3526241  0.71526849 0.77274699 0.19247353 0.70051072
 0.55919437 0.48333892 0.66507868 0.75283431 0.64297035 0.31891702
 0.40752506 0.28342897 0.0300939  0.89875089 0.78220492 0.36452198
 0.28887895 0.1468476  0.14285528 0.33764398 0.38570271 0.97626745
 0.5765073  0.95065718 0.8308188  0.21937999 0.04152664 0.2501288
 0.34586646 0.75755014 0.36435133 0.79350515 0.74206046 0.93520902
 0.12587696 0.46775795 0.20186688 0.20031708 0.0571717  0.49089408
 0.03280643 0.19044995 0.66953317 0.97907309 0.36152288 0.44098754
 0.74227987 0.30644092 0.82478126 0.75150024 0.47038725 0.25584926
 0.31241907 0.19538612]

X_aleatório_inicial:
[0.06683753115657243, 0.21619958042665777, 0.6467079711908266, 0.7812716637800963, 0.3973680224566569, 0.07610383385065134, 0.11980085620144587, 0.352639994076139, 0.715295178555737, 0.7727309326992682, 0.19246971884656783, 0.700505766963622, 0.5592061473757106, 0.4833480690096371, 0.6650539592135426, 0.7528398473317491, 0.6430039998658801, 0.3188055781359167, 0.4074601147385932, 0.2834164081491717, 0.030137970377831058, 0.8987337824921992, 0.7821575994315954, 0.3645353552279007, 0.2889303271104626, 0.14684793910249683, 0.14283953757248458, 0.33775060709160365, 0.38572752104848507, 0.9762928371487904, 0.576493337427147, 0.950659161827864, 0.8308370072955908, 0.21934001382425106, 0.04151998427525683, 0.25014138882045833, 0.3458818044392725, 0.7575372724707834, 0.3643453463212525, 0.7935022032950935, 0.7420632870755902, 0.9351976535486556, 0.12586499979887034, 0.46775129592862885, 0.20188152572959261, 0.20032694543998342, 0.057160934388594486, 0.4909011689045938, 0.032815158254989485, 0.19044452507202203, 0.6695420800837345, 0.9790663817829584, 0.36154205794448624, 0.44099175784959843, 0.742289152620493, 0.30641312628919637, 0.8247737319556301, 0.7515064012207332, 0.47039444759882654, 0.25583005277126925, 0.31243921607240677, 0.19540592012229696]

Erro da solução (|Ax - b|): 5.2379475315102586e-09
Erro (|Ax - b|)/|b| 1.220676138248662e-05
Erro no vetor x: 0.0002531376365401916

Tempo de execução: 0.013594865798950195
