Matriz não é simétrica positiva definida

Solução x:
[1, 1, 1, 1, 1, 1, 1, 1, 1, 1, 1, 1, 1, 1, 1, 1, 1, 1, 1, 1, 1, 1, 1, 1, 1, 1, 1, 1, 1, 1, 1, 1, 1, 1, 1, 1, 1, 1, 1, 1, 1, 1, 1, 1, 1, 1, 1, 1, 1, 1, 1, 1, 1, 1, 1, 1, 1, 1, 1, 1, 1, 1, 1, 1, 1, 1, 1, 1, 1, 1, 1, 1, 1, 1, 1, 1, 1, 1, 1, 1, 1, 1, 1, 1, 1, 1, 1, 1, 1, 1, 1, 1, 1, 1, 1, 1, 1, 1, 1, 1, 1, 1, 1, 1, 1, 1, 1, 1, 1, 1, 1, 1, 1, 1, 1, 1, 1, 1, 1, 1, 1, 1, 1, 1, 1, 1, 1, 1, 1, 1, 1, 1, 1, 1, 1, 1, 1, 1, 1, 1, 1, 1, 1, 1, 1, 1, 1, 1, 1, 1, 1, 1, 1, 1, 1, 1, 1, 1, 1, 1, 1, 1, 1, 1, 1, 1, 1, 1, 1, 1, 1, 1, 1, 1, 1, 1, 1, 1, 1, 1, 1, 1, 1, 1, 1, 1, 1, 1, 1, 1, 1, 1, 1, 1, 1, 1, 1, 1, 1, 1, 1, 1, 1, 1, 1, 1, 1, 1, 1, 1, 1, 1, 1, 1, 1, 1, 1, 1, 1, 1, 1, 1, 1, 1, 1, 1, 1, 1, 1, 1, 1, 1, 1, 1, 1, 1, 1, 1, 1, 1, 1, 1, 1, 1, 1, 1, 1, 1, 1, 1, 1, 1, 1, 1, 1, 1, 1, 1, 1, 1, 1, 1, 1, 1, 1, 1, 1, 1, 1, 1, 1, 1, 1, 1, 1, 1, 1, 1, 1, 1, 1, 1, 1, 1, 1, 1, 1, 1, 1, 1, 1, 1, 1, 1, 1, 1, 1, 1, 1, 1, 1, 1, 1, 1, 1, 1, 1, 1, 1, 1, 1, 1, 1, 1, 1, 1, 1, 1, 1, 1, 1, 1, 1, 1, 1, 1, 1, 1, 1, 1, 1, 1, 1, 1, 1, 1, 1, 1, 1, 1, 1, 1, 1, 1, 1, 1, 1, 1, 1, 1, 1, 1, 1, 1, 1, 1, 1, 1, 1, 1, 1, 1, 1, 1, 1, 1, 1, 1, 1, 1, 1, 1, 1, 1, 1, 1, 1, 1, 1, 1, 1, 1, 1, 1, 1, 1, 1, 1, 1, 1, 1, 1, 1, 1, 1, 1, 1, 1, 1, 1, 1, 1, 1, 1, 1, 1, 1, 1, 1, 1, 1, 1, 1, 1, 1, 1, 1, 1, 1, 1, 1, 1, 1, 1, 1, 1, 1, 1, 1, 1, 1, 1, 1, 1, 1, 1, 1, 1, 1, 1, 1, 1, 1, 1, 1, 1, 1, 1, 1, 1, 1, 1, 1, 1, 1, 1, 1, 1, 1, 1, 1, 1, 1, 1, 1, 1, 1, 1, 1, 1, 1, 1, 1, 1, 1, 1, 1, 1, 1, 1, 1, 1, 1, 1, 1, 1, 1, 1, 1, 1, 1, 1, 1, 1, 1, 1, 1, 1, 1, 1]

X_aleatório_inicial:
[0.9927139486868743, 0.48397239083130117, 0.8448410613248593, 0.4695089997183417, 0.1675884606036726, 0.07354616600538666, 0.9154973752572304, 0.09263911313660256, 0.13076229416985863, 0.9568496865057438, 0.7167550814630715, 0.8372174602161196, 0.8731124361790302, 0.06797106883065662, 0.4349140382768061, 0.8627313385929543, 0.20239770094887788, 0.6108872490165432, 0.7325130319852745, 0.8623370110937639, 0.02515384767736617, 0.5867235451495679, 0.2872249643929655, 0.26636897258455705, 0.9682697107996885, 0.09070837076079463, 0.34707922372521993, 0.23467641144824714, 0.33325977162446785, 0.6958916076918525, 0.31014171952650005, 0.36322663604662186, 0.2869292631082805, 0.7141358622721875, 0.6611705280594911, 0.7378347697169022, 0.1070355984824003, 0.26674974117254935, 0.577845126588973, 0.9385875703038801, 0.7683584069647877, 0.08200623546386476, 0.8807253861103324, 0.5877547571122821, 0.009383184962852953, 0.7249747953051568, 0.7022275704401063, 0.3101904731294375, 0.47064580395793243, 0.6764226143175375, 0.9670019148037353, 0.41757911314767726, 0.16117489348853486, 0.7093391847272624, 0.11707685982979754, 0.6716603312674763, 0.09521554778710672, 0.03006472685983963, 0.14655084464465085, 0.5164387772710719, 0.695923909629391, 0.45738907643514526, 0.672996531554321, 0.09946605674969666, 0.5493795125749318, 0.14273271159297907, 0.9474833074743839, 0.3501314104854799, 0.7296409691081825, 0.6746049847782613, 0.053089779523326275, 0.7553505249593847, 0.9053666029427224, 0.7830784545375293, 0.6645047111574124, 0.28699459788604365, 0.46667855401977265, 0.02363000462492959, 0.3468896574153698, 0.5085108218117845, 0.4165519202234569, 0.11835653276372182, 0.16957821380665683, 0.7980476614117272, 0.19373074289814407, 0.28093452675914743, 0.8210853513447265, 0.5630211739042686, 0.7271434631388725, 0.2363714790736523, 0.029744845700835687, 0.43760174025728626, 0.03926456976118464, 0.3118419742914784, 0.8421533077984132, 0.6460953516472528, 0.28857736835468406, 0.6818194484770622, 0.3819677079224789, 0.6783093188691695, 0.12294203390259428, 0.9900175116065635, 0.0743790001343766, 0.41173482409711226, 0.30288944060684997, 0.8260698254939269, 0.7041312044958736, 0.1749209970718293, 0.6415517936873174, 0.6028617376007933, 0.7250505843998678, 0.6651887404377803, 0.34359123762174737, 0.7796399935610786, 0.9022470341720702, 0.3109756238253697, 0.13290135327388952, 0.2643259108293614, 0.4198473590256798, 0.9885208009996599, 0.9133992083223159, 0.4993657501736013, 0.4028486293594721, 0.8352285461277523, 0.0975715824103709, 0.7197137124194759, 0.1378578451660497, 0.20668997730591587, 0.9566596418136615, 0.7441502322328878, 0.6375822875369144, 0.06531824161784583, 0.6228214373686106, 0.7298139430548645, 0.2076509397123939, 0.13454128274693367, 0.9747911495846737, 0.16255116176769202, 0.7570152641661033, 0.5691437053295644, 0.05325547217075577, 0.99378569304903, 0.1008152142775186, 0.7363492580374151, 0.043493905784500075, 0.4211798373067329, 0.5905063572972931, 0.48785018754709464, 0.45126834355654377, 0.03600844836868122, 0.742227933365369, 0.45521060596741314, 0.40718139239739093, 0.46815439657635916, 0.2785561458052066, 0.6247674896506141, 0.39578453669886327, 0.6843238511793246, 0.31753752465887064, 0.9229784826957973, 0.05687700614379643, 0.0744577469295884, 0.7649447152706075, 0.25893949992176724, 0.372639272126555, 0.8927601671279896, 0.18803904921588477, 0.017626797771664093, 0.0201845382621042, 0.026081832680144745, 0.25014832166587553, 0.8901629035732382, 0.16910299659447425, 0.16712593435709178, 0.3111022747310922, 0.13089465559371705, 0.6407327732303496, 0.10666346513657843, 0.934020683166557, 0.7554147185371619, 0.7429177684569679, 0.03000046816280877, 0.0546163757070669, 0.6067291283316912, 0.04500477563219896, 0.7914430759524196, 0.595736999990947, 0.3000994865572286, 0.7417036856334263, 0.007837510345582777, 0.7282445445918891, 0.6770119541248516, 0.8393978277667125, 0.040578831269733606, 0.5559661952137276, 0.45563164285826174, 0.9903185713768777, 0.9253393396015142, 0.7148281916121215, 0.48287209381990703, 0.8410029798170053, 0.9883224939604797, 0.5467587724148021, 0.8397452102140104, 0.8323212691855625, 0.5209660055957354, 0.4954172416907877, 0.8522794730364679, 0.9559867574009109, 0.23433154705557402, 0.9839049030287796, 0.8625647817527764, 0.042275656339219814, 0.03974959853211357, 0.47903841376999456, 0.30343666585749685, 0.7848219824155105, 0.8840562839860329, 0.02731649732737973, 0.014366761067490352, 0.5971343232861596, 0.4456146869818727, 0.4781448153536195, 0.7456633247829226, 0.8190271745156215, 0.8324111337264242, 0.9353683446698046, 0.24209720150203373, 0.12693546380235055, 0.47080216889322724, 0.718616796475712, 0.6831385775609551, 0.19309684479116052, 0.9809422292343565, 0.850013265537602, 0.6616625622332901, 0.061996929308688165, 0.13127489108327506, 0.4461207872019508, 0.8608207456578696, 0.20676475008490736, 0.046806765642188664, 0.2551532180857857, 0.3927236405356962, 0.2870039786309798, 0.1592011833300403, 0.3828273998337136, 0.2701633022529504, 0.5774581501939061, 0.9525208584060864, 0.7669443894945828, 0.36924245871576955, 0.45250312378694924, 0.7096441454120322, 0.11650905059503058, 0.23452989763006515, 0.23062011081616696, 0.23059690215640682, 0.9066936541666374, 0.7890305102841357, 0.4418732013418766, 0.8634983404103207, 0.8281803325353726, 0.048034657262140956, 0.022848324660718622, 0.5890613344665896, 0.21415495015395014, 0.33568756145109746, 0.8690569021175895, 0.5995353395998533, 0.459957433916259, 0.3094028048433277, 0.04065354013619549, 0.07647048457321404, 0.5704781616701445, 0.29933919262699105, 0.7237987590412254, 0.05423729622315032, 0.4521563742268415, 0.8378091728191208, 0.0774658306219479, 0.9670460168440809, 0.5696264902873082, 0.6585502382512869, 0.3629909656945257, 0.810649636041096, 0.6375020767150418, 0.2020308473964395, 0.4035217214857003, 0.9378634957305272, 0.837665234773101, 0.45491404473545216, 0.2846334948206497, 0.05424893628359284, 0.28375912378410917, 0.7440476290465571, 0.6773978813155582, 0.6299620041182424, 0.35650686830567846, 0.8080847775387163, 0.3460436719605011, 0.09039097028145149, 0.44695851762513106, 0.5155615281341142, 0.9031512983046031, 0.1296189186977984, 0.8773455490698777, 0.8507198587670527, 0.43240649595026015, 0.5480730756793294, 0.636902438557465, 0.5564805063838738, 0.5293695729834362, 0.32880480397398104, 0.5282052255808937, 0.7668631216160208, 0.4747305421299014, 0.8813074619115172, 0.9087386358486421, 0.7803519933731881, 0.5981871363731002, 0.05858866662647377, 0.6641316029879848, 0.9532086603767065, 0.26807551742342717, 0.05959661820421358, 0.5820072738695533, 0.7235638090164774, 0.17469938164431387, 0.9354485846480047, 0.8670184630885808, 0.28423538844356777, 0.07804560467986243, 0.6684810902289193, 0.36941330230426217, 0.3122108995484608, 0.6804377211162369, 0.6516892964581854, 0.9000836321234498, 0.39943692746280546, 0.055561567526021594, 0.6533720316163889, 0.1686595384316386, 0.4659961946633048, 0.93767141059528, 0.4368577490578327, 0.5175259468775871, 0.2347764095589746, 0.8283651827866753, 0.2900671092215592, 0.07971332313622703, 0.8657771751977789, 0.051593584873765086, 0.2938502758637298, 0.3253792952896929, 0.16569617830308037, 0.1499003417059923, 0.6076401179016108, 0.2786484548858651, 0.39232436594997633, 0.5647255798025737, 0.6980719009153595, 0.025241175548620598, 0.8631809532748629, 0.9223203408667261, 0.2055780313361969, 0.2546258442694358, 0.9940547401426952, 0.5960706294611555, 0.9801547159178411, 0.1854818809261275, 0.9934416344652008, 0.827120118343794, 0.33270180139832306, 0.9174917135888976, 0.030730922741665, 0.9810093531774419, 0.19046483788266522, 0.1392103336289282, 0.7262649110460602, 0.3383946773586599, 0.2080746370440435, 0.8272421471271506, 0.5864554496630439, 0.6383250101113204, 0.5726584194983764, 0.46714645076864036, 0.7818233115726406, 0.5480052173111235, 0.8914097230199164, 0.5483563820463352, 0.6708246854334896, 0.475159858268849, 0.21470959221989583, 0.07877110854133051, 0.9083463138302736, 0.4018253932824881, 0.07792615013641446, 0.026532970324169125, 0.12202591828662857, 0.6054466594024326, 0.687377667084032, 0.828018740841266, 0.2474809498318742, 0.027610151914578274, 0.7696067469478047, 0.4837979319047365, 0.6211575985260606, 0.09461203111919181, 0.0038960381135070277, 0.5942435830384095, 0.09593556574729989, 0.5873516510526275, 0.020469355396245614, 0.8782401092613024, 0.661356378414527, 0.9798873830245584, 0.26614279265448615, 0.35055167833917933, 0.36383822164314616, 0.7943016633641674, 0.3877217574705978, 0.18595981129122618, 0.48352698739433286, 0.1328738325086306, 0.8151822311885036, 0.1064094951389648, 0.8617999849620164, 0.19938674608882145, 0.3713458125250694, 0.09283867918681132, 0.8933066907633425, 0.5777176290003776, 0.6538681399269988, 0.36175009511039513, 0.3946898755922247, 0.4168319264159873, 0.43472344582916667, 0.3451535505465554, 0.30173920610544946, 0.24863906806103142, 0.3510342310129192, 0.30618259559594885, 0.7621040605097794, 0.36170983028649106, 0.19337842213084944, 0.18428795718330504, 0.7347610820007114, 0.4726623460134124, 0.6687437006931711, 0.843574626850947, 0.5807323572624564, 0.1369145933040089, 0.18460000347522398, 0.7059056805708619, 0.8934042213356309, 0.6453473694002535, 0.04967015981877321, 0.39188870279724886, 0.8008887318451973, 0.4282490020344595, 0.7465186382562952, 0.5464904851985246, 0.19224398474640725, 0.4015491492775476, 0.6040747106254721, 0.3441703996651988, 0.1712061369486838, 0.10696582137997401, 0.9865023432078883, 0.28057954585452427, 0.25938621094597336, 0.4720324002369103, 0.7380520403428041, 0.8307352644966964, 0.7024449974739314, 0.9598690562059143, 0.7356238563770662, 0.15712071733330035, 0.5523024701690521, 0.8516244606263782, 0.5108084939825015, 0.07496747254743996, 0.5285722488772363, 0.5816820095865162, 0.014349952990579062, 0.3282544846982267, 0.2771066198095832, 0.4328497418865348, 0.6000662443496848, 0.9205856093869075, 0.7066961196704252, 0.4301330574165739, 0.4247879131938921, 0.5062973596507722, 0.28691060137538593, 0.40948309171760666, 0.7776690860478762, 0.24880089172348463, 0.5689135671929401]

Erro da solução (|Ax - b|): 23.604340333257664
Erro (|Ax - b|)/|b| 1.0778778326561789
Erro no vetor x: 13.209891188773227

Tempo de execução: 0.002728700637817383
