Solução x:
[0.7356673184047521, 0.6899264724536267, 0.4855883540225015, 0.9287501328597794, 0.8336687584539302, 0.38344925365443877, 0.4274989850146988, 0.6902366395152949, 0.4600913632248311, 0.9593787884378285, 0.17398331535732517, 0.9666947474322494, 0.8575513745799852, 0.3026739872522632, 0.6230679037200049, 0.19019509048146244, 0.6316589665367605, 0.011949478921052905, 0.11993480704025002, 0.7724977727022916, 0.0042286663927791415, 0.42995285085326335, 0.9192314510891857, 0.07008557768444452, 0.6364002600709358, 0.026921048828294433, 0.9453453761929816, 0.3907609115666072, 0.6204417177352933, 0.08637002845134051, 0.29429699629161876, 0.35792422549203073, 0.07294835048978691, 0.7326901952297604, 0.22940431931239075, 0.902952384658928, 0.04426353977705339, 0.20348733209857628, 0.8869996350988021, 0.14501553965573039, 0.706843913372984, 0.8729101618189149, 0.17945817476341147, 0.5454025919623202, 0.7183700398830353, 0.6815810270218122, 0.9088656958965927, 0.8586833525048879]

X_aleatório_inicial:
[0.7356673184048859, 0.6899264724536286, 0.4855883540225159, 0.9287501328597796, 0.8336687584539298, 0.3834492536544387, 0.42749898501473105, 0.690236639515291, 0.4600913632248459, 0.9593787884378284, 0.17398331535732525, 0.9666947474322495, 0.8575513745800175, 0.3026739872522656, 0.6230679037199928, 0.19019509048146233, 0.6316589665367602, 0.011949478921052914, 0.11993480704038362, 0.7724977727022908, 0.004228666392766756, 0.4299528508532634, 0.919231451089186, 0.07008557768444446, 0.6364002600709993, 0.026921048828295602, 0.9453453761929845, 0.3907609115666071, 0.6204417177352932, 0.08637002845133979, 0.29429699629163597, 0.3579242254920264, 0.0729483504897902, 0.7326901952297608, 0.2294043193123907, 0.9029523846589279, 0.044263539777070426, 0.20348733209857717, 0.8869996350987909, 0.14501553965573044, 0.7068439133729842, 0.8729101618189149, 0.17945817476347126, 0.5454025919623198, 0.718370039883024, 0.6815810270218122, 0.9088656958965926, 0.8586833525048873]

Erro da solução (|Ax - b|): 6.900229077954694e-07
Erro (|Ax - b|)/|b| 1.0990554463216551e-16
Erro no vetor x: 2.1695938622763172e-13

Tempo de execução: 0.002424955368041992
