Solução x:
[0.735667318404758, 0.689926472453628, 0.4855883540225149, 0.9287501328597796, 0.8336687584539302, 0.3834492536544389, 0.42749898501471856, 0.6902366395152921, 0.4600913632248454, 0.9593787884378285, 0.1739833153573252, 0.9666947474322498, 0.857551374580005, 0.3026739872522649, 0.6230679037199477, 0.19019509048146252, 0.6316589665367607, 0.01194947892105259, 0.11993480704025564, 0.7724977727022893, 0.004228666392721433, 0.4299528508532634, 0.9192314510891859, 0.0700855776844443, 0.6364002600709394, 0.02692104882829491, 0.9453453761929901, 0.39076091156660714, 0.6204417177352928, 0.08637002845134033, 0.29429699629162076, 0.3579242254920285, 0.0729483504897961, 0.7326901952297608, 0.22940431931239139, 0.9029523846589276, 0.044263539777054765, 0.20348733209857692, 0.8869996350987464, 0.14501553965573044, 0.706843913372984, 0.872910161818915, 0.17945817476335316, 0.5454025919623186, 0.7183700398829794, 0.6815810270218119, 0.9088656958965933, 0.8586833525048878]

X_aleatório_inicial:
[0.7356673184048859, 0.6899264724536286, 0.4855883540225159, 0.9287501328597796, 0.8336687584539298, 0.3834492536544387, 0.42749898501473105, 0.690236639515291, 0.4600913632248459, 0.9593787884378284, 0.17398331535732525, 0.9666947474322495, 0.8575513745800175, 0.3026739872522656, 0.6230679037199928, 0.19019509048146233, 0.6316589665367602, 0.011949478921052914, 0.11993480704038362, 0.7724977727022908, 0.004228666392766756, 0.4299528508532634, 0.919231451089186, 0.07008557768444446, 0.6364002600709993, 0.026921048828295602, 0.9453453761929845, 0.3907609115666071, 0.6204417177352932, 0.08637002845133979, 0.29429699629163597, 0.3579242254920264, 0.0729483504897902, 0.7326901952297608, 0.2294043193123907, 0.9029523846589279, 0.044263539777070426, 0.20348733209857717, 0.8869996350987909, 0.14501553965573044, 0.7068439133729842, 0.8729101618189149, 0.17945817476347126, 0.5454025919623198, 0.718370039883024, 0.6815810270218122, 0.9088656958965926, 0.8586833525048873]

Erro da solução (|Ax - b|): 1.53135175685855e-06
Erro (|Ax - b|)/|b| 2.439108136259871e-16
Erro no vetor x: 2.4328132362044107e-13

Tempo de execução: 0.004359722137451172
