Solução x:
[0.7356673184047816, 0.6899264724536277, 0.48558835402252676, 0.9287501328597796, 0.8336687584539302, 0.3834492536544388, 0.4274989850146652, 0.690236639515291, 0.4600913632248576, 0.9593787884378285, 0.1739833153573252, 0.9666947474322496, 0.8575513745799517, 0.3026739872522647, 0.6230679037199822, 0.1901950904814624, 0.6316589665367607, 0.011949478921052675, 0.1199348070402794, 0.7724977727022911, 0.004228666392756975, 0.4299528508532634, 0.9192314510891855, 0.07008557768444446, 0.6364002600709655, 0.02692104882829517, 0.9453453761929963, 0.39076091156660736, 0.620441717735293, 0.08637002845134024, 0.2942969962915748, 0.3579242254920275, 0.07294835048980193, 0.7326901952297605, 0.22940431931239072, 0.902952384658928, 0.04426353977700905, 0.2034873320985776, 0.8869996350987792, 0.14501553965573044, 0.7068439133729845, 0.8729101618189151, 0.17945817476340498, 0.5454025919623202, 0.7183700398830126, 0.6815810270218121, 0.9088656958965925, 0.8586833525048876]

X_aleatório_inicial:
[0.7356673184048859, 0.6899264724536286, 0.4855883540225159, 0.9287501328597796, 0.8336687584539298, 0.3834492536544387, 0.42749898501473105, 0.690236639515291, 0.4600913632248459, 0.9593787884378284, 0.17398331535732525, 0.9666947474322495, 0.8575513745800175, 0.3026739872522656, 0.6230679037199928, 0.19019509048146233, 0.6316589665367602, 0.011949478921052914, 0.11993480704038362, 0.7724977727022908, 0.004228666392766756, 0.4299528508532634, 0.919231451089186, 0.07008557768444446, 0.6364002600709993, 0.026921048828295602, 0.9453453761929845, 0.3907609115666071, 0.6204417177352932, 0.08637002845133979, 0.29429699629163597, 0.3579242254920264, 0.0729483504897902, 0.7326901952297608, 0.2294043193123907, 0.9029523846589279, 0.044263539777070426, 0.20348733209857717, 0.8869996350987909, 0.14501553965573044, 0.7068439133729842, 0.8729101618189149, 0.17945817476347126, 0.5454025919623198, 0.718370039883024, 0.6815810270218122, 0.9088656958965926, 0.8586833525048873]

Erro da solução (|Ax - b|): 1.146531550305922e-06
Erro (|Ax - b|)/|b| 1.8261737842431786e-16
Erro no vetor x: 2.1082645388371891e-13

Tempo de execução: 0.003977775573730469
