Solução x:
[0.016234949338378657, 0.21111260518755146, 0.827910347339777, 0.3392966296262885, 0.1114331766098524, 0.17829857047362477, 0.019026814914532172, 0.18766752822729593, 0.9558203722038127, 0.2780971905116047, 0.8484857914388263, 0.5152246991197568, 0.299111404211151, 0.0417391504026603, 0.0013176026416612525, 0.7815495943754324, 0.25995076303951625, 0.09770718400853928, 0.5881872596194939, 0.6560285546322153, 0.19405034443821978, 0.8570108462462329, 0.5018983674221561, 0.43015032363904016, 0.8237795956434528, 0.7732745643367498, 0.1735497937188967, 0.11867077430979926, 0.6698062473743315, 0.02005193919789106, 0.11260563893526776, 0.1248971534026817, 0.6417041933848, 0.08772894173880907, 0.29537810472821646, 0.34553906969559345, 0.0892537379938777, 0.22752212569210378, 0.876292682872584, 0.05535732526597251, 0.519586466359871, 0.5108885470940223, 0.1597703546087221, 0.9689001978310502, 0.6915736873251933, 0.33381454307913044, 0.049091047805660426, 0.8179927488050844, 0.2938430077093947, 0.787820424084253, 0.9970329711345375, 0.2075175327376194, 0.3430893839605927, 0.15657836644475956, 0.5186049567200185, 0.979977643377122, 0.015997494544291974, 0.4075316254955115, 0.9840416745746208, 0.3915964419276123, 0.09020444046782562, 0.9339216900466161, 0.5583167421514248, 0.5150254494017613, 0.2964241997086632, 0.3041228381514813, 0.13877173250464434, 0.029300776264723615, 0.8295851854267785, 0.9252496566562255, 0.8182141641501968, 0.004001476476937851, 0.6612238789400015, 0.3993070792123041, 0.2714490893847533, 0.9238492245030695, 0.005695457956180097, 0.6178933518040248, 0.7207296356127539, 0.055728570350032536, 0.7212871403660889, 0.8471519717998691, 0.6953797835704321, 0.10030321768504391, 0.8820022664639087, 0.8730227732741725, 0.4779188460711436, 0.5384909253412895, 0.2976316881782557, 0.6318387226143848, 0.8725470723051775, 0.9813850577014279, 0.11544054966461437, 0.3882608128211923, 0.1212080224284424, 0.11324961976080317, 0.14893841769019092, 0.6709065171004271, 0.04192919286440832, 0.3999698313266242, 0.5201610393726224, 0.07827629018836867, 0.677835470697924, 0.6457838476442445, 0.5622907609052253, 0.6239861569088777, 0.00949506504823706, 0.13241791262884303, 0.42199373613856783, 0.5417187965876782, 0.618726313932799, 0.8668654428754565, 0.5396070415447825, 0.5837752167947742, 0.5756882772870326, 0.08338931619626788, 0.2742699001546827, 0.6082418160062351, 0.4077887127477331, 0.28755802077423886, 0.9590282796167975, 0.039161013384765395, 0.22054588970646605, 0.4868246827272058, 0.07542632440398486, 0.7043093173853399, 0.7951989863225006, 0.991303078213402, 0.838632473360529, 0.5171198804345701, 0.2868113423169159, 0.926009462952281, 0.609997272881786, 0.6575472728725424, 0.33277822415558633, 0.3675395213481336, 0.5589239136042885, 0.374213285802597, 0.4419335760732585, 0.41584948326558524, 0.494200154341153, 0.03764388986351431, 0.17144972531668531, 0.841172649933857, 0.0018597897127032859, 0.727625947712459, 0.17162940659433515, 0.2971762077443074, 0.8347277354903174, 0.8589928412660046, 0.19961434568181122, 0.23081321694942172, 0.36851877668416905, 0.504867823795519, 0.7136641024595016, 0.5496497367336536, 0.7267637588688569, 0.17876645627112558, 0.047876239512170016, 0.5097425601555858, 0.6729305244117514, 0.9245225799346204, 0.4575119857851086, 0.6651947987240572, 0.7745884220358918, 0.9154881150150797, 0.5051624538396536, 0.6703062112243932, 0.9561203400778475, 0.8601995691030578, 0.05379316199755212, 0.009566652556059922, 0.7458394414491685, 0.34302977398536943, 0.2194777346700493, 0.38815481894371595, 0.5245541377566938, 0.5490243650225564, 0.8414267094615115, 0.5752461248836221, 0.12008394444767101, 0.7593912207540027, 0.20582950991909357, 0.4004845065213445, 0.3228854451619727, 0.9212871829461508, 0.4341049612812213, 0.8006023422038722, 0.7093842189190604, 0.2192855246547079, 0.9335892915196364, 0.607029309210123, 0.058573343366079, 0.920139866019399, 0.8963817131873602, 0.535480691813902, 0.7182740018579415, 0.871470790770419, 0.01962729669149809, 0.814779163118975, 0.20671262359745235, 0.529734640729224, 0.5876460067038098, 0.1431464509291228, 0.1711511754120021, 0.5355007138189444, 0.5547740320991916, 0.8519624746797636, 0.10294454157340273, 0.9352759285450565, 0.9332935955734982, 0.9598790957715394, 0.41097405980916246, 0.3373861520255136, 0.9433795315729162, 0.5287688130266743, 0.5380024450320083, 0.9420814240020171, 0.7485632417359848, 0.9661352360872831, 0.48923489569765205, 0.6465585945451882, 0.006345610741980035, 0.6191681474070646, 0.570260408310873, 0.6529597444814911, 0.6669881098612842, 0.3068995899314993, 0.4955408030136427, 0.03207792629571554, 0.4951795038466363, 0.6179703832737757, 0.45960163734441406, 0.8700410147607437, 0.49595851368352784, 0.8884172976823148, 0.6624088494081688, 0.4527719020076738, 0.07614227649339368, 0.6417347917375864, 0.9692333173252393, 0.11293314318415928, 0.9036376242542582, 0.5790808882981863, 0.6144500698766853, 0.1702767837131595, 0.2939432161377277, 0.6248544836304923, 0.6277589363366954, 0.7996869949874922, 0.1872760182194078, 0.7544732744873095, 0.9259929680898843, 0.05485988068824365, 0.8687628444310095, 0.6983682118262615, 0.44789638546827826, 0.5230195916780307, 0.7855174277167988, 0.2762041659278333, 0.997839864387272, 0.6306210775189456, 0.21934004804072485, 0.4332730637657414, 0.05817946934886597, 0.15615116795361492, 0.799791473348352, 0.8578965505385497, 0.10933308715531474, 0.5207154345614855, 0.5655028511803056, 0.149035046566827, 0.960445002352496, 0.64098403391324, 0.10297510433731738, 0.03141324963647309, 0.2142615533402824, 0.3367922071836089, 0.1554788660633883, 0.1676549676867826, 0.7688472380208007, 0.1675367455045731, 0.05559212242481294, 0.8282249319281547, 0.4175841421910435, 0.7094196225813366, 0.05405922072392279, 0.3665683052267384, 0.02211184477650796, 0.11284072604967241, 0.37797379102761014, 0.6717443255325302, 0.818304380748682, 0.520693295247441, 0.8042738072982312, 0.2721711817226962, 0.9607164342656721, 0.43481304872126003, 0.5814973473526482, 0.934661549647111, 0.8278049188058633, 0.5995611643607943, 0.22300023015272366, 0.24405123727273306, 0.856204194553302, 0.2986304070235066, 0.5652254585047078, 0.11350377899942211, 0.37972241170374227, 0.08900859815451939, 0.02335945679701652, 0.8468609651669526, 0.8395634207788533, 0.016234007232674735, 0.6194118159297857, 0.016949618711701416, 0.6824421488025163, 0.24285898831946098, 0.22352205288265792, 0.8930574863420064, 0.16608261457714807, 0.028734874280409432, 0.23300039010256995, 0.7874810659821769, 0.6293599760298314, 0.5432696276077303, 0.0456353519181062, 0.3672026456313576, 0.11184417658352254, 0.23624573791713188, 0.12040122425434623, 0.7384795383705424, 0.5033731824756795, 0.18989337171181628, 0.34123131577650667, 0.006705023894444939, 0.7046114006509677, 0.6786602145061789, 0.9529582009025813, 0.25441040735009357, 0.7447321762292662, 0.6937018768466899, 0.4623867333872744, 0.12216223497618643, 0.6415904836733124, 0.8879082601182011, 0.902679589675383, 0.8374279894119673, 0.7671443816249912, 0.30402188384918466, 0.5992277441417581, 0.35005431828305406, 0.8405746584499052, 0.9229172338654745, 0.17460799573397107, 0.09539849296368634, 0.7724609728702942, 0.8315204655405988, 0.042409873163391364, 0.7631312857447513, 0.7500368102508067, 0.08675309945214148, 0.3445636025793306, 0.5744964503074478, 0.2872144695673368, 0.828001454005888, 0.6595358549632857, 0.1544358696602497, 0.8344234342300302, 0.9364648985311848, 0.711634705945219, 0.9928306535395428, 0.5423852624267325, 0.2808234592663723, 0.7607411458743096, 0.7368840749575911, 0.934854088506433, 0.2523362611794921, 0.4610833667408735, 0.510073753708074, 0.443227332323578, 0.0645566174636113, 0.3787265527773537, 0.25479643566330007, 0.8547348946283864, 0.2803112536453169, 0.7996686855911767, 0.1453469905329272, 0.8851695717434092, 0.8809914083641434, 0.3715422770983128, 0.928985449487466, 0.31875363135627616, 0.49223891100703504, 0.1605552389549031, 0.9612604800787571, 0.035058744598868055, 0.12842835693914026, 0.235993092558919, 0.8167882779564681, 0.8985972664014122, 0.46837769890474873, 0.042208083506969814, 0.8118789855997081, 0.7654502384640989, 0.30878978524085954, 0.9583995729566468, 0.6123789901029043, 0.11438815951011376, 0.07682714366477929, 0.558211759958533, 0.50482756385701, 0.10960619976496679, 0.13481768276880876, 0.641035565249696, 0.7734604682255519, 0.6083936472886659, 0.8584480346405757, 0.6565509275211006, 0.16573689070433748, 0.3696006120800112, 0.296467520749948, 0.01854251093693567, 0.28886131520542674, 0.10412168064814288, 0.9083576380955223, 0.9214561105529593, 0.614047619691578, 0.7793447886904361, 0.1751048902873777, 0.7486903338340454, 0.8948274396887661, 0.9624217372703759, 0.7655356314678251, 0.38934127598768375, 0.4807798544667141, 0.34837465090611286, 0.5578424262327075, 0.8694627937150471, 0.19896414578907123, 0.7266588023339661, 0.49715782159029964, 0.8372605883485746, 0.8867991710690958, 0.6954373074768594, 0.6183877595608599, 0.015980274128458257, 0.778210083331168, 0.1416815463305042, 0.36648944278826373, 0.7739114709146653, 0.7021238725013221, 0.3003811444821038, 0.18574375810480512, 0.47278223075565584, 0.45714235300136447, 0.5172153912517014, 0.770472201859791, 0.7932939398008156, 0.7195101877451561, 0.9443342456164463, 0.39690824804293967, 0.6544999475165102, 0.39867707906950706, 0.2555575329861671, 0.5940279148937967, 0.9339234000274526, 0.38080808925320003, 0.16409840130381698, 0.5490461845118554, 0.8249714384250905, 0.8529824953019979, 0.4648743104479049, 0.6299474909751004, 0.1911108578812655, 0.20582105699382158, 0.9256641923699354, 0.5283486432980057, 0.13897523912695742, 0.9825853859938949, 0.846017072862668, 0.20460498039645586, 0.14292321750374792, 0.8438745347487997, 0.20062218980410587, 0.47957595391840924, 0.8142311600011507, 0.5578567749754635, 0.14925153773996463, 0.13602042499412514, 0.9203189356446423, 0.017676165830615355, 0.07611808640288614, 0.5161556154534552, 0.9743777344769813, 0.8163743579301003, 0.7697159475350126, 0.13093269634207233, 0.8241448979014169, 0.23981626928929384, 0.9078351078586748, 0.6542915725198764, 0.3827546369135557, 0.9390168321775805, 0.31348356267339733, 0.021347140634049296, 0.7571297701670738, 0.9458179752447194, 0.7549639779604708, 0.25019094993975166, 0.28251899896426635, 0.1674804288210424]

X_aleatório_inicial:
[0.016234949338378657, 0.21111260518755148, 0.8279103473397769, 0.3392966296262885, 0.11143317660985241, 0.17829857047362474, 0.019026814914532175, 0.18766752822729593, 0.9558203722038126, 0.27809719051160475, 0.8484857914388261, 0.5152246991197568, 0.299111404211151, 0.0417391504026603, 0.001317602641661253, 0.7815495943754323, 0.25995076303951625, 0.09770718400853928, 0.588187259619494, 0.656028554632215, 0.19405034443821978, 0.8570108462462328, 0.501898367422156, 0.43015032363904027, 0.8237795956434528, 0.7732745643367497, 0.17354979371889667, 0.11867077430979922, 0.6698062473743315, 0.020051939197891055, 0.11260563893526776, 0.1248971534026817, 0.6417041933848, 0.08772894173880907, 0.29537810472821646, 0.34553906969559356, 0.0892537379938777, 0.22752212569210384, 0.8762926828725838, 0.05535732526597259, 0.5195864663598709, 0.5108885470940224, 0.15977035460872213, 0.9689001978310503, 0.6915736873251932, 0.3338145430791304, 0.049091047805660426, 0.8179927488050845, 0.29384300770939464, 0.7878204240842529, 0.9970329711345376, 0.20751753273761941, 0.34308938396059274, 0.15657836644475942, 0.5186049567200184, 0.979977643377122, 0.015997494544292, 0.4075316254955116, 0.9840416745746208, 0.39159644192761245, 0.09020444046782561, 0.9339216900466162, 0.5583167421514247, 0.5150254494017613, 0.2964241997086632, 0.3041228381514812, 0.13877173250464425, 0.029300776264723605, 0.829585185426779, 0.9252496566562254, 0.8182141641501962, 0.004001476476937937, 0.661223878940001, 0.39930707921230435, 0.2714490893847532, 0.9238492245030695, 0.005695457956180094, 0.6178933518040247, 0.7207296356127538, 0.055728570350032536, 0.721287140366089, 0.8471519717998689, 0.695379783570432, 0.10030321768504402, 0.8820022664639086, 0.8730227732741724, 0.47791884607114354, 0.5384909253412894, 0.2976316881782557, 0.6318387226143847, 0.8725470723051775, 0.981385057701428, 0.11544054966461437, 0.3882608128211924, 0.12120802242844242, 0.11324961976080317, 0.1489384176901909, 0.6709065171004271, 0.04192919286440833, 0.399969831326624, 0.5201610393726223, 0.07827629018836868, 0.677835470697924, 0.6457838476442445, 0.5622907609052253, 0.6239861569088776, 0.00949506504823705, 0.13241791262884306, 0.4219937361385677, 0.5417187965876782, 0.618726313932799, 0.8668654428754565, 0.5396070415447825, 0.5837752167947742, 0.5756882772870328, 0.08338931619626788, 0.2742699001546828, 0.608241816006235, 0.4077887127477331, 0.28755802077423886, 0.9590282796167977, 0.03916101338476541, 0.22054588970646605, 0.4868246827272058, 0.07542632440398489, 0.7043093173853398, 0.7951989863225005, 0.9913030782134018, 0.8386324733605289, 0.5171198804345704, 0.28681134231691585, 0.926009462952281, 0.6099972728817857, 0.6575472728725423, 0.3327782241555862, 0.3675395213481337, 0.5589239136042884, 0.37421328580259694, 0.44193357607325856, 0.41584948326558524, 0.49420015434115294, 0.0376438898635143, 0.17144972531668534, 0.841172649933857, 0.0018597897127032859, 0.7276259477124589, 0.17162940659433523, 0.2971762077443073, 0.8347277354903174, 0.8589928412660048, 0.19961434568181113, 0.2308132169494217, 0.3685187766841689, 0.5048678237955189, 0.7136641024595016, 0.5496497367336534, 0.7267637588688568, 0.17876645627112564, 0.047876239512170016, 0.5097425601555857, 0.6729305244117514, 0.9245225799346206, 0.45751198578510854, 0.6651947987240572, 0.774588422035892, 0.9154881150150794, 0.5051624538396537, 0.6703062112243932, 0.9561203400778476, 0.8601995691030578, 0.05379316199755213, 0.00956665255605993, 0.7458394414491687, 0.3430297739853695, 0.21947773467004938, 0.38815481894371595, 0.5245541377566938, 0.5490243650225564, 0.8414267094615112, 0.5752461248836223, 0.1200839444476709, 0.7593912207540028, 0.20582950991909355, 0.4004845065213444, 0.3228854451619727, 0.9212871829461505, 0.43410496128122134, 0.8006023422038724, 0.7093842189190604, 0.21928552465470796, 0.9335892915196363, 0.607029309210123, 0.058573343366079, 0.9201398660193992, 0.8963817131873603, 0.5354806918139022, 0.7182740018579417, 0.8714707907704194, 0.019627296691498097, 0.8147791631189754, 0.20671262359745235, 0.529734640729224, 0.5876460067038097, 0.14314645092912281, 0.1711511754120021, 0.5355007138189446, 0.5547740320991916, 0.8519624746797635, 0.10294454157340271, 0.9352759285450566, 0.9332935955734983, 0.9598790957715396, 0.41097405980916246, 0.3373861520255136, 0.9433795315729161, 0.5287688130266747, 0.5380024450320081, 0.9420814240020171, 0.748563241735985, 0.9661352360872832, 0.489234895697652, 0.6465585945451882, 0.0063456107419800345, 0.6191681474070646, 0.570260408310873, 0.6529597444814914, 0.6669881098612839, 0.30689958993149924, 0.4955408030136427, 0.0320779262957156, 0.49517950384663634, 0.6179703832737757, 0.45960163734441406, 0.8700410147607437, 0.49595851368352817, 0.8884172976823148, 0.6624088494081688, 0.4527719020076737, 0.07614227649339367, 0.6417347917375865, 0.9692333173252391, 0.11293314318415926, 0.9036376242542581, 0.5790808882981864, 0.6144500698766855, 0.17027678371315946, 0.2939432161377278, 0.624854483630492, 0.6277589363366957, 0.7996869949874922, 0.18727601821940776, 0.7544732744873096, 0.9259929680898842, 0.054859880688243656, 0.8687628444310094, 0.6983682118262615, 0.44789638546827826, 0.5230195916780307, 0.7855174277167988, 0.27620416592783337, 0.9978398643872721, 0.6306210775189449, 0.21934004804072493, 0.4332730637657415, 0.058179469348865975, 0.15615116795361494, 0.7997914733483519, 0.8578965505385497, 0.10933308715531476, 0.5207154345614855, 0.5655028511803055, 0.14903504656682698, 0.9604450023524959, 0.6409840339132398, 0.10297510433731738, 0.03141324963647307, 0.21426155334028252, 0.33679220718360847, 0.15547886606338845, 0.16765496768678256, 0.7688472380208003, 0.1675367455045731, 0.05559212242481293, 0.8282249319281548, 0.41758414219104345, 0.7094196225813366, 0.054059220723922774, 0.36656830522673833, 0.02211184477650796, 0.11284072604967244, 0.3779737910276103, 0.6717443255325303, 0.8183043807486822, 0.5206932952474412, 0.8042738072982314, 0.27217118172269616, 0.9607164342656722, 0.4348130487212599, 0.5814973473526485, 0.9346615496471108, 0.827804918805863, 0.5995611643607941, 0.22300023015272363, 0.24405123727273303, 0.856204194553302, 0.2986304070235066, 0.5652254585047077, 0.1135037789994221, 0.3797224117037423, 0.08900859815451934, 0.023359456797016565, 0.8468609651669525, 0.8395634207788535, 0.016234007232674763, 0.6194118159297854, 0.01694961871170142, 0.6824421488025162, 0.24285898831946096, 0.22352205288265792, 0.8930574863420064, 0.166082614577148, 0.02873487428040944, 0.2330003901025699, 0.7874810659821769, 0.6293599760298314, 0.5432696276077302, 0.04563535191810619, 0.36720264563135774, 0.11184417658352253, 0.23624573791713188, 0.12040122425434618, 0.7384795383705424, 0.5033731824756796, 0.1898933717118163, 0.34123131577650667, 0.006705023894444939, 0.7046114006509676, 0.6786602145061786, 0.9529582009025812, 0.25441040735009357, 0.7447321762292665, 0.6937018768466895, 0.46238673338727443, 0.12216223497618639, 0.6415904836733125, 0.8879082601182013, 0.9026795896753838, 0.837427989411967, 0.767144381624991, 0.3040218838491847, 0.5992277441417581, 0.3500543182830541, 0.8405746584499054, 0.9229172338654748, 0.17460799573397112, 0.0953984929636863, 0.7724609728702946, 0.8315204655405993, 0.04240987316339129, 0.7631312857447511, 0.7500368102508066, 0.08675309945214149, 0.3445636025793306, 0.574496450307448, 0.28721446956733676, 0.8280014540058878, 0.6595358549632857, 0.1544358696602497, 0.8344234342300301, 0.9364648985311846, 0.7116347059452193, 0.9928306535395428, 0.5423852624267325, 0.2808234592663722, 0.7607411458743099, 0.7368840749575912, 0.9348540885064329, 0.25233626117949215, 0.46108336674087347, 0.5100737537080738, 0.443227332323578, 0.0645566174636113, 0.3787265527773537, 0.2547964356633, 0.8547348946283867, 0.28031125364531684, 0.7996686855911765, 0.1453469905329272, 0.8851695717434088, 0.880991408364143, 0.3715422770983129, 0.9289854494874659, 0.3187536313562762, 0.4922389110070351, 0.1605552389549033, 0.9612604800787573, 0.03505874459886804, 0.12842835693914023, 0.23599309255891898, 0.8167882779564682, 0.898597266401412, 0.4683776989047488, 0.04220808350696981, 0.8118789855997082, 0.7654502384640992, 0.30878978524085987, 0.9583995729566468, 0.6123789901029044, 0.11438815951011372, 0.07682714366477927, 0.5582117599585331, 0.5048275638570098, 0.10960619976496677, 0.1348176827688088, 0.6410355652496961, 0.7734604682255518, 0.6083936472886659, 0.8584480346405756, 0.6565509275211007, 0.1657368907043375, 0.36960061208001116, 0.296467520749948, 0.018542510936935708, 0.28886131520542657, 0.10412168064814287, 0.9083576380955225, 0.9214561105529586, 0.6140476196915781, 0.779344788690436, 0.17510489028737775, 0.7486903338340453, 0.894827439688766, 0.9624217372703757, 0.7655356314678256, 0.38934127598768387, 0.48077985446671423, 0.34837465090611275, 0.5578424262327073, 0.8694627937150471, 0.1989641457890713, 0.7266588023339658, 0.49715782159029975, 0.837260588348575, 0.8867991710690959, 0.6954373074768593, 0.6183877595608598, 0.01598027412845826, 0.778210083331168, 0.14168154633050423, 0.3664894427882639, 0.7739114709146651, 0.702123872501322, 0.30038114448210373, 0.18574375810480526, 0.47278223075565584, 0.45714235300136463, 0.5172153912517012, 0.7704722018597908, 0.7932939398008156, 0.7195101877451564, 0.9443342456164462, 0.3969082480429399, 0.6544999475165102, 0.3986770790695071, 0.2555575329861671, 0.5940279148937967, 0.9339234000274526, 0.3808080892532002, 0.16409840130381703, 0.549046184511855, 0.8249714384250904, 0.8529824953019978, 0.46487431044790484, 0.6299474909751004, 0.19111085788126558, 0.20582105699382158, 0.9256641923699354, 0.5283486432980056, 0.13897523912695742, 0.9825853859938949, 0.8460170728626678, 0.20460498039645592, 0.14292321750374792, 0.8438745347487998, 0.20062218980410595, 0.47957595391840935, 0.8142311600011506, 0.5578567749754633, 0.1492515377399647, 0.13602042499412514, 0.9203189356446421, 0.017676165830615376, 0.07611808640288609, 0.5161556154534553, 0.9743777344769813, 0.8163743579301003, 0.7697159475350125, 0.13093269634207227, 0.8241448979014168, 0.2398162692892939, 0.9078351078586747, 0.6542915725198766, 0.3827546369135558, 0.9390168321775806, 0.3134835626733975, 0.0213471406340493, 0.757129770167074, 0.9458179752447193, 0.754963977960471, 0.25019094993975166, 0.28251899896426624, 0.16748042882104242]

Erro da solução (|Ax - b|): 2.1988740692463336e-15
Erro no vetor x: 3.2712941208117777e-15

Tempo de execução: 4.502117872238159
