Solução x:
[0.46850995 0.43300945 0.64595631 0.03894608 0.72513994 0.44653686
 0.77872754 0.51329934 0.29470561 0.55234641 0.25704104 0.41919386
 0.66018824 0.24743973 0.23898665 0.12478917 0.79790709 0.6489769
 0.74785308 0.08862096 0.97907766 0.10022439 0.68355228 0.32144956
 0.59569586 0.25497342 0.55706488 0.13418955 0.21029674 0.84369216
 0.66129379 0.63082026 0.72397005 0.84427175 0.48851605 0.62675601
 0.4833345  0.63823158 0.6094515  0.70637986 0.69103579 0.7956875
 0.37130518 0.23977761 0.46651562 0.11606144 0.53000107 0.47759814
 0.00908208 0.79519445 0.67705694 0.10278714 0.19237565 0.17577375
 0.02148285 0.56164566 0.18150579 0.80337291 0.60248049 0.11122879
 0.8561637  0.63473788 0.35055281 0.21365143 0.29691608 0.13598049
 0.83826373 0.82251555 0.95483997 0.83140228 0.97292298 0.46696047
 0.51834892 0.20824702 0.65502018 0.64219991 0.65619385 0.84912178
 0.11009217 0.62173906 0.24930496 0.95891079 0.24112606 0.36299269
 0.27160509 0.21610746 0.79216087 0.31160976 0.08114699 0.05090011
 0.20977855 0.69304199 0.9672789  0.66792804 0.33878832 0.786925
 0.64916212 0.49186443 0.67840263 0.7216324  0.01753865 0.77811252
 0.30356184 0.91942444 0.91681099 0.46433269 0.17728845 0.42631363
 0.55672196 0.0982     0.34803252 0.87010583 0.01383487 0.37257947
 0.03659637 0.87695601 0.38897745 0.15420405 0.81725468 0.74839631
 0.99953677 0.64193598 0.61190051 0.41145055 0.50359398 0.95933842
 0.89803143 0.48611486 0.12304819 0.73100122 0.79942014 0.97434621
 0.43490446 0.52387075 0.57628742 0.35635846 0.25859472 0.73438672
 0.92608659 0.6954947  0.80549712 0.05268044 0.31536919 0.61296361
 0.42642515 0.19682884 0.52457677 0.11690428 0.6469727  0.83073743
 0.64543032 0.72693836 0.63665228 0.12892727 0.85333382 0.03078915
 0.03471802 0.90364483 0.82185292 0.7915624  0.22066401 0.7624386
 0.79806346 0.0078885  0.18938666 0.63756546 0.27251389 0.01053728
 0.72228841 0.46618064 0.13558573 0.15796311 0.59237592 0.31185059
 0.93354653 0.50158602 0.12524769 0.8280553  0.55816896 0.4700146
 0.70680438 0.19901435 0.63412245 0.82224012 0.42126473 0.36182478
 0.85701022 0.59560847 0.069908   0.45692926 0.96529687 0.43918235
 0.38309361 0.96667386 0.73557243 0.39331185 0.7379743  0.9812824
 0.32125491 0.12544402 0.30895708 0.48332522 0.81262318 0.02773831
 0.02626244 0.61701228 0.20929428 0.27285435 0.88610589 0.75625107
 0.81919042 0.45139196 0.36498644 0.74344162 0.90385569 0.14092258
 0.80970559 0.72366821 0.52219336 0.01854795 0.73647211 0.12647537
 0.84836182 0.43529414 0.31020596 0.97057228 0.10903207 0.94283489
 0.07006639 0.20467681 0.45380714 0.13979097 0.11224495 0.17331298
 0.38218854 0.30920826 0.3914082  0.0311504  0.78616414 0.2599047
 0.19430593 0.1696575  0.96050042 0.42676381 0.44851882 0.97572745
 0.58824309 0.39962959 0.67542659 0.70762623 0.71402936 0.18405193
 0.94226573 0.94648424 0.59353582 0.3263509  0.95268559 0.75337444
 0.8642451  0.69390527 0.15785381 0.46898596 0.09809152 0.98875453
 0.50989152 0.3268901  0.24992443 0.4145728  0.34493849 0.73581817
 0.08736431 0.87532913 0.02171138 0.54495923 0.93928075 0.03749389
 0.43548303 0.01254294 0.68628768 0.36648924 0.15094387 0.70883838
 0.65688968 0.38470451 0.06330518 0.65674352 0.49524222 0.88467052
 0.13715516 0.7114736  0.14701803 0.45855817 0.35594434 0.15445091
 0.54709563 0.30976683 0.29856165 0.25768033 0.13506598 0.70654921
 0.90238308 0.3305539  0.51015847 0.04795677 0.71831356 0.59830571
 0.21611434 0.9805903  0.88182754 0.93048445 0.92269312 0.33635862
 0.12656894 0.58753355 0.25981706 0.22399317 0.09112906 0.13139584
 0.43798735 0.94966133 0.46311913 0.85576088 0.95830001 0.66557655
 0.06260825 0.28194781 0.19289698 0.7749339  0.72473072 0.50107564
 0.35395848 0.79517925 0.44079412 0.01940203 0.64140613 0.83850654
 0.85761354 0.65958378 0.87110049 0.36529187 0.38596897 0.89939088
 0.21147456 0.25848123 0.66666236 0.5980883  0.29873187 0.90836761
 0.92539353 0.16082873 0.14571236 0.84000238 0.65774096 0.88288437
 0.94188415 0.00197615 0.1990975  0.74428577 0.03800936 0.06932657
 0.68156898 0.79161521 0.4939922  0.13767889 0.6840555  0.236335
 0.38285121 0.25703503 0.51563245 0.92826741 0.97209374 0.7689608
 0.83495608 0.83884702 0.26334592 0.42335725 0.54939235 0.26223153
 0.07613667 0.0375747  0.07527308 0.30620376 0.6235764  0.00992702
 0.57994651 0.48070442 0.82489621 0.93196306 0.39657824 0.69348451
 0.3047688  0.06440677 0.57731372 0.8695129  0.76669772 0.70129399
 0.38846751 0.75890264 0.51226697 0.24906703 0.24809416 0.05624518
 0.83375845 0.92819248 0.08601085 0.27362812 0.50239004 0.06962602
 0.12715779 0.26454596 0.72864826 0.86746434 0.01594481 0.18739222
 0.22361201 0.06785061 0.83415324 0.60478167 0.76966348 0.41775092
 0.98425382 0.17493989 0.3115861  0.07556446 0.38934501 0.71775715
 0.81798009 0.41932667 0.95321022 0.66995584 0.40452531 0.59405901
 0.70105363 0.43608405 0.15030682 0.2856522  0.33311361 0.06327096
 0.56557423 0.7547818  0.88352933 0.13967009 0.07042747 0.63116419
 0.69075626 0.62670291 0.88900484 0.92710949 0.60836578 0.71568105
 0.84782372 0.02237656 0.33563676 0.65446812 0.70728051 0.13027605
 0.19488927 0.87153147 0.60593601 0.19810724 0.03349214 0.38846926
 0.94641011 0.76483772 0.25407961 0.20733044 0.16328069 0.3130668
 0.24512643 0.64040912 0.53276859 0.75820865 0.42341966 0.70113738
 0.32906319 0.43251888 0.29039744 0.59076106 0.67176791 0.78997493
 0.29264828 0.38672955 0.34931963 0.31894898 0.31686768 0.93630805
 0.55594585 0.5506843  0.25919541 0.50581193 0.20837106 0.9513458
 0.39137881 0.70662746 0.20264246 0.31886291 0.50517868 0.79133124
 0.24896544 0.03681292 0.6383547  0.98823538 0.5522128  0.73323657
 0.46690525 0.1771879  0.79438494 0.3664682  0.9101837  0.25728623
 0.54131741 0.05771361 0.80305803 0.81800175 0.4735607  0.82391915
 0.992071   0.20097539 0.84824545 0.13223385 0.28833372 0.92747897
 0.82997918 0.6742932  0.66873156 0.61950466 0.65852392 0.92891587
 0.66780696 0.46202694 0.61612519 0.91833458 0.37700543 0.17115378
 0.10773752 0.13426426 0.02181427 0.88052948 0.62343014 0.27044224
 0.28746099 0.47900241 0.25455495 0.94821297 0.85771849 0.25279135
 0.42834062 0.49328004 0.4553143  0.29721124 0.40811668 0.81902342
 0.48400476 0.80233519 0.93548051 0.71245836 0.93404991 0.75020082
 0.20557181 0.81387084 0.77870056 0.67652435 0.98730606 0.21601305
 0.29960386 0.36879383 0.29773996 0.09178073 0.12932641 0.64348805
 0.26764171 0.21461387 0.67763802 0.54196124 0.17023542 0.18686644
 0.45517118 0.1936103  0.62136132 0.34113865 0.76045905 0.53091404
 0.8782855  0.39955084 0.46564201 0.6000975  0.39127023 0.99723422
 0.83139258 0.52982885 0.02320899 0.55015837 0.23922641 0.91212855
 0.33284518 0.52350507 0.76764165 0.85018143 0.27715808 0.61124994
 0.17695464 0.9002948  0.94564039 0.63403246 0.53045034 0.82790087
 0.85109811 0.36923186 0.88828845 0.17059145 0.8759507  0.98060104
 0.33702955 0.29664246 0.08003769 0.4399945  0.48323157 0.59900784
 0.01922551 0.84725718 0.90138453 0.40819249 0.40029751 0.8327429
 0.76023491 0.83388765 0.08231034 0.24743597 0.47974899 0.47560766
 0.64620038 0.45714864 0.64947507 0.99465418 0.79682099 0.35986653
 0.24160142 0.66191065 0.30397978 0.26406244 0.25858218 0.2112077
 0.77635039 0.95108006 0.15992773 0.83771724 0.09747437 0.26128121
 0.39088336 0.18280755 0.69593834 0.00917932 0.84970415 0.19029058
 0.43126876 0.67439743 0.2422421  0.02619811 0.43084256 0.55172678
 0.21555907 0.27234321 0.8543204  0.47629691 0.40837137 0.1176369
 0.00738288 0.8295481  0.87841813 0.88096056 0.61997393 0.79901459
 0.03448939 0.72006595 0.70431622]

X_aleatório_inicial:
[0.46850994981425653, 0.4330094453978035, 0.6459563052104391, 0.03894607875194667, 0.7251399364730302, 0.44653686038937435, 0.7787275420726133, 0.513299336771249, 0.29470560824125946, 0.5523464131297787, 0.25704103636479725, 0.4191938633796758, 0.6601882444421043, 0.24743973077533266, 0.23898665359896554, 0.12478917125372635, 0.7979070936771503, 0.6489768963155026, 0.7478530765985171, 0.08862096245419693, 0.9790776558482388, 0.10022438582959692, 0.6835522770569484, 0.321449559257716, 0.5956958615156098, 0.2549734150443381, 0.5570648828090964, 0.13418955188146042, 0.21029673780921576, 0.8436921613415035, 0.6612937878308721, 0.6308202606261808, 0.7239700518448816, 0.8442717517743882, 0.48851605188189673, 0.6267560141342464, 0.4833345007820261, 0.6382315820821566, 0.6094514957393474, 0.7063798595154815, 0.6910357949777717, 0.7956874994242019, 0.3713051840019739, 0.23977761243533569, 0.4665156163488767, 0.11606144372218041, 0.5300010720529523, 0.47759814109230436, 0.009082081374241269, 0.7951944486225991, 0.6770569352097077, 0.10278713509121751, 0.1923756471790602, 0.1757737534952446, 0.021482850058765046, 0.5616456625496795, 0.1815057888310977, 0.8033729100446314, 0.6024804869279251, 0.11122879445213252, 0.8561636995115612, 0.6347378819014081, 0.35055281012157447, 0.21365142668717663, 0.2969160819993585, 0.13598049067282236, 0.8382637314346044, 0.8225155488817876, 0.9548399728624349, 0.831402278630663, 0.9729229786016989, 0.4669604705389576, 0.5183489200091805, 0.20824702121067318, 0.6550201760968573, 0.642199908855132, 0.6561938523704428, 0.8491217760910474, 0.11009216788679843, 0.6217390611342977, 0.24930496033129468, 0.958910786276577, 0.24112606072159137, 0.3629926914306101, 0.2716050890843086, 0.21610745734041226, 0.7921608737112436, 0.31160976294164533, 0.0811469899628453, 0.05090011346202705, 0.209778551187077, 0.6930419924155257, 0.9672788959155353, 0.6679280393596748, 0.3387883171350201, 0.78692499583668, 0.6491621153473258, 0.49186442583223, 0.6784026288871553, 0.7216323980429482, 0.017538649148632124, 0.7781125192780829, 0.30356183932826475, 0.9194244414697419, 0.9168109893817629, 0.4643326865504457, 0.17728845027633255, 0.42631362538827755, 0.5567219574833989, 0.09819999865710305, 0.3480325217492186, 0.870105829859237, 0.01383486832081815, 0.3725794658030105, 0.03659637030851537, 0.8769560071942925, 0.38897745363979397, 0.15420405184453978, 0.8172546823846171, 0.7483963097878489, 0.9995367684303554, 0.6419359758948302, 0.6119005091981783, 0.4114505520368569, 0.5035939845099208, 0.9593384202654038, 0.8980314252679125, 0.48611485590062464, 0.12304818629356196, 0.7310012151693015, 0.7994201436948147, 0.9743462092646347, 0.4349044556877555, 0.5238707520144803, 0.5762874220731595, 0.3563584624822307, 0.2585947150661442, 0.7343867184136226, 0.9260865921975677, 0.6954946951818233, 0.8054971198727124, 0.052680441146411905, 0.31536918858054974, 0.6129636056223177, 0.4264251541507543, 0.19682884187298655, 0.5245767656686701, 0.11690427802261782, 0.6469727032015866, 0.830737427657167, 0.645430316181308, 0.726938359699459, 0.6366522799227567, 0.12892726846793312, 0.8533338203572508, 0.030789153793474244, 0.03471802369744437, 0.9036448284619738, 0.8218529150294065, 0.7915624021801682, 0.22066401042955908, 0.7624386031580628, 0.7980634564145085, 0.007888500548053679, 0.18938665986477365, 0.6375654583653988, 0.27251388501381857, 0.010537282903234635, 0.7222884103742959, 0.46618063728964376, 0.1355857263138437, 0.15796310872208175, 0.5923759194569344, 0.31185059492027, 0.9335465320536477, 0.5015860230670406, 0.12524768593950564, 0.8280552969907389, 0.5581689620356141, 0.47001460128444184, 0.7068043811225144, 0.19901435182620686, 0.6341224484483371, 0.8222401240318786, 0.4212647321823192, 0.3618247837421559, 0.8570102162318205, 0.5956084741860606, 0.06990800100973871, 0.4569292557588952, 0.9652968663008556, 0.4391823465157473, 0.38309361471493875, 0.9666738554222143, 0.7355724267426879, 0.39331185092461984, 0.7379742950259384, 0.9812824037668203, 0.3212549141247081, 0.1254440223738108, 0.30895708004079325, 0.4833252238032898, 0.8126231837745114, 0.027738305843815758, 0.02626244292207769, 0.6170122759449733, 0.20929427895462605, 0.2728543516214952, 0.8861058869833959, 0.7562510679372191, 0.81919042318078, 0.45139196054565855, 0.3649864435088218, 0.743441624713863, 0.9038556941122157, 0.14092258017115622, 0.8097055946866928, 0.7236682059864771, 0.5221933553047378, 0.018547950306344818, 0.7364721062718877, 0.1264753658652129, 0.8483618214234643, 0.43529413701400643, 0.31020596335772366, 0.9705722828952297, 0.10903206996033077, 0.9428348949567918, 0.07006639196701292, 0.20467681193805032, 0.45380713772402903, 0.13979096710871786, 0.11224495279679891, 0.17331298482288904, 0.3821885385396313, 0.3092082582150588, 0.39140819974507013, 0.03115040124828894, 0.7861641351395748, 0.25990470055483184, 0.19430592909357847, 0.16965750391252976, 0.9605004244193933, 0.4267638058833366, 0.4485188233502829, 0.975727454468404, 0.588243092775563, 0.39962959219881533, 0.6754265874657749, 0.7076262342791491, 0.7140293617797523, 0.18405193224990202, 0.9422657278296771, 0.9464842397633122, 0.5935358162977389, 0.3263508966770723, 0.9526855898998797, 0.7533744357359252, 0.8642451000699793, 0.6939052723921435, 0.15785381105362395, 0.46898595579630153, 0.0980915150425884, 0.9887545339284175, 0.5098915211517876, 0.32689009601499186, 0.2499244254331101, 0.4145727991908448, 0.3449384926731496, 0.7358181726325714, 0.08736431339692263, 0.8753291253767821, 0.021711384612988938, 0.5449592266122819, 0.9392807481124048, 0.037493890303891164, 0.4354830268111767, 0.012542943823609765, 0.6862876781825279, 0.36648923627564933, 0.150943872704696, 0.7088383790761054, 0.6568896779976637, 0.3847045130979625, 0.06330518102187876, 0.6567435153051103, 0.4952422242513602, 0.8846705221815226, 0.1371551642418768, 0.7114736026365072, 0.1470180253471629, 0.4585581653327574, 0.355944342183252, 0.1544509091523557, 0.5470956340453876, 0.30976682912164366, 0.2985616466423645, 0.25768033288455494, 0.1350659753138428, 0.7065492108910282, 0.9023830820466147, 0.33055389970056137, 0.5101584671238129, 0.04795676949421934, 0.7183135577973705, 0.5983057147835849, 0.21611433737436836, 0.9805902976440656, 0.8818275359169697, 0.9304844496003356, 0.9226931194448684, 0.33635861803708866, 0.12656894034037935, 0.5875335483486914, 0.25981705501178687, 0.22399317250370676, 0.09112906173795798, 0.13139583958492407, 0.4379873489439061, 0.949661325437973, 0.46311913500172674, 0.8557608807989844, 0.958300013566372, 0.6655765484999433, 0.06260824619388683, 0.28194781174735495, 0.19289698490778007, 0.7749339023449765, 0.7247307176022366, 0.5010756388578469, 0.3539584784400033, 0.795179247025496, 0.4407941220316326, 0.019402033201759372, 0.6414061327155804, 0.8385065417722021, 0.8576135371749102, 0.6595837779031458, 0.8711004855483876, 0.36529186949721204, 0.3859689666131312, 0.8993908802476178, 0.21147455592888198, 0.25848122687510244, 0.6666623634728064, 0.5980882960049608, 0.2987318729253694, 0.9083676079491683, 0.9253935288711246, 0.16082872688208982, 0.14571236335404303, 0.840002375776083, 0.6577409647616946, 0.8828843694632552, 0.9418841520657855, 0.001976145725573919, 0.19909750104072987, 0.7442857662660313, 0.03800935521384041, 0.06932657319117608, 0.6815689848960602, 0.7916152144016995, 0.4939922013082052, 0.13767889253470367, 0.6840554982122431, 0.23633499906825672, 0.38285120596954225, 0.2570350256748427, 0.5156324513465268, 0.9282674082068461, 0.972093741085555, 0.7689607978154949, 0.8349560755974419, 0.8388470178041233, 0.26334592161706827, 0.42335725241617195, 0.5493923505244034, 0.2622315267749885, 0.07613667011363145, 0.03757469787008627, 0.07527308088276097, 0.3062037611871712, 0.6235764016151368, 0.009927015519127669, 0.5799465077961322, 0.48070441634967587, 0.8248962051400803, 0.9319630643397294, 0.3965782382927495, 0.6934845073383005, 0.3047688027625818, 0.06440676658243139, 0.5773137214260342, 0.8695129039831391, 0.76669772310443, 0.7012939907217569, 0.38846751245008937, 0.7589026371132931, 0.5122669703207315, 0.24906703326365287, 0.2480941629500738, 0.05624517669093476, 0.8337584459320401, 0.9281924847054311, 0.0860108462736946, 0.2736281152526542, 0.5023900371717159, 0.06962602284748676, 0.1271577919290784, 0.26454596417244114, 0.7286482630699861, 0.8674643372831976, 0.015944808952146006, 0.1873922164923082, 0.22361200644894785, 0.06785060914199015, 0.8341532392447989, 0.6047816696812621, 0.7696634800516037, 0.4177509244121286, 0.9842538210312045, 0.17493988620494605, 0.311586096834205, 0.07556445581634474, 0.38934500699026076, 0.7177571487047362, 0.8179800876017372, 0.41932667187477124, 0.9532102194295731, 0.669955836272692, 0.40452530807704645, 0.5940590133948955, 0.7010536299776874, 0.4360840548324404, 0.15030682066291112, 0.2856521983194966, 0.33311361052807087, 0.06327095875590982, 0.5655742285583217, 0.7547817977081495, 0.8835293259318225, 0.13967008641918532, 0.07042747441823294, 0.6311641884983584, 0.6907562590948477, 0.6267029100768098, 0.8890048394570877, 0.9271094878810224, 0.6083657824312405, 0.715681054323087, 0.8478237249654943, 0.022376560669498335, 0.33563676406573817, 0.6544681222054671, 0.7072805109532262, 0.1302760464901086, 0.1948892663164966, 0.8715314679916233, 0.6059360094057802, 0.19810723790092633, 0.03349214455673333, 0.38846926008907556, 0.9464101113433024, 0.7648377244648392, 0.25407960636666904, 0.2073304432125337, 0.16328068575660093, 0.3130667995372487, 0.24512642662937933, 0.6404091216719477, 0.5327685866295727, 0.7582086541129917, 0.4234196621945999, 0.701137379128116, 0.32906319457532707, 0.4325188777891523, 0.29039743776503324, 0.5907610625047567, 0.6717679062235051, 0.7899749290862111, 0.2926482767353644, 0.3867295521067763, 0.3493196303113877, 0.31894897663635857, 0.3168676760830439, 0.936308047479221, 0.5559458468757215, 0.5506842952799834, 0.259195407518896, 0.505811933834818, 0.2083710581059478, 0.9513457958653623, 0.3913788091548638, 0.7066274578800924, 0.20264245921683932, 0.31886290602937084, 0.5051786776394497, 0.7913312368357646, 0.24896544203564097, 0.03681292437742045, 0.6383547013354921, 0.9882353835091298, 0.552212795931574, 0.7332365717720991, 0.4669052525303806, 0.17718789726960749, 0.7943849380009985, 0.3664681968879342, 0.9101836954321689, 0.25728623065410816, 0.5413174072095046, 0.05771360910898904, 0.8030580290154323, 0.818001747499016, 0.47356070144623386, 0.8239191473084186, 0.9920709985271923, 0.20097539293326083, 0.8482454495632249, 0.13223384831587326, 0.28833372367189913, 0.9274789707971727, 0.8299791815894164, 0.6742931962760249, 0.6687315576263815, 0.6195046627342643, 0.6585239192984687, 0.9289158686631461, 0.6678069603518606, 0.4620269442644305, 0.6161251914628049, 0.9183345782511105, 0.37700543393296315, 0.17115378315298746, 0.10773751818413924, 0.1342642603554327, 0.021814267632486395, 0.880529479796899, 0.623430142174235, 0.2704422432225405, 0.28746098969850387, 0.4790024136643336, 0.25455495490520796, 0.9482129685996001, 0.8577184852590944, 0.2527913520510372, 0.4283406244037409, 0.4932800430187605, 0.45531430383947025, 0.2972112440477853, 0.40811668371367193, 0.8190234242422002, 0.4840047619355631, 0.8023351886757051, 0.9354805100987444, 0.712458359048828, 0.9340499129796855, 0.7502008166744565, 0.20557181322002782, 0.813870842800339, 0.778700561808248, 0.6765243468104394, 0.9873060600384411, 0.2160130478280755, 0.2996038586916451, 0.3687938287546384, 0.2977399561956109, 0.09178072603122434, 0.12932641325559935, 0.6434880466270481, 0.2676417064224562, 0.21461387208520188, 0.6776380222325442, 0.5419612444992953, 0.17023541638327366, 0.18686643621006183, 0.4551711829507784, 0.1936102970797422, 0.621361319947649, 0.3411386498015109, 0.7604590523675648, 0.5309140416668974, 0.8782855022197376, 0.3995508397121844, 0.46564201341311573, 0.6000974978984533, 0.3912702263907474, 0.9972342234823345, 0.8313925788941997, 0.529828850082992, 0.023208988251338658, 0.5501583695846473, 0.23922641077323215, 0.9121285474547124, 0.33284518417651754, 0.5235050723606003, 0.7676416456850105, 0.8501814308095667, 0.2771580829681578, 0.6112499440998205, 0.17695463574119497, 0.9002947976258385, 0.9456403932206565, 0.6340324586396789, 0.5304503408445069, 0.8279008723626096, 0.8510981148287994, 0.36923185757725163, 0.8882884462724974, 0.17059145258313335, 0.875950700647752, 0.9806010445039798, 0.33702954613404823, 0.2966424605290414, 0.08003769474422051, 0.4399944964662391, 0.48323156530464184, 0.5990078435195131, 0.019225509891311998, 0.8472571784586764, 0.9013845320155567, 0.40819248973481226, 0.4002975074775188, 0.8327429019953456, 0.7602349125731784, 0.8338876548244241, 0.08231033633977891, 0.24743597448396837, 0.47974898884307526, 0.47560766477799543, 0.6462003773067316, 0.4571486361191034, 0.6494750718770903, 0.9946541821245835, 0.7968209941843143, 0.35986653082044373, 0.24160142296670994, 0.6619106506084548, 0.3039797786432077, 0.26406243747251856, 0.2585821791070265, 0.21120770411557332, 0.7763503857604876, 0.951080060327682, 0.15992772676062272, 0.8377172422489051, 0.09747436657013864, 0.2612812104325015, 0.3908833583072321, 0.1828075525890306, 0.6959383383496324, 0.009179323302677012, 0.8497041466783295, 0.19029057682164485, 0.4312687556263868, 0.6743974323930477, 0.2422420957670014, 0.026198110400569963, 0.4308425589987358, 0.5517267826562625, 0.2155590704581417, 0.27234320732088757, 0.8543204040807828, 0.4762969134801961, 0.408371365129789, 0.11763690344415745, 0.007382882308771821, 0.82954809669523, 0.8784181254957893, 0.8809605604589162, 0.6199739314589884, 0.7990145858044085, 0.03448938508959998, 0.7200659453215997, 0.7043162186267676]

Erro da solução (|Ax - b|): 4.158800150522579e-09
Erro (|Ax - b|)/|b| 3.281140556660392e-16
Erro no vetor x: 1.1233281164456255e-10

Tempo de execução: 0.41618967056274414
