Matriz não é simétrica positiva definida

Solução x:
[1, 1, 1, 1, 1, 1, 1, 1, 1, 1, 1, 1, 1, 1, 1, 1, 1, 1, 1, 1, 1, 1, 1, 1, 1, 1, 1, 1, 1, 1, 1, 1, 1, 1, 1, 1, 1, 1, 1, 1, 1, 1, 1, 1, 1, 1, 1, 1, 1, 1, 1, 1, 1, 1, 1, 1, 1, 1, 1, 1, 1, 1, 1, 1, 1, 1, 1, 1, 1, 1, 1, 1, 1, 1, 1, 1, 1, 1, 1, 1, 1, 1, 1, 1, 1, 1, 1, 1, 1, 1, 1, 1, 1, 1, 1, 1, 1, 1, 1, 1, 1, 1, 1, 1, 1, 1, 1, 1, 1, 1, 1, 1, 1, 1, 1, 1, 1, 1, 1, 1, 1, 1, 1, 1, 1, 1, 1, 1, 1, 1, 1, 1, 1, 1, 1, 1, 1, 1, 1, 1, 1, 1, 1, 1, 1, 1, 1, 1, 1, 1, 1, 1, 1, 1, 1, 1, 1, 1, 1, 1, 1, 1, 1, 1, 1, 1, 1, 1, 1, 1, 1, 1, 1, 1, 1, 1, 1, 1, 1, 1, 1, 1, 1, 1, 1, 1, 1, 1, 1, 1, 1, 1, 1, 1, 1, 1, 1, 1, 1, 1, 1, 1, 1, 1, 1, 1, 1, 1, 1, 1, 1, 1, 1, 1, 1, 1, 1, 1, 1, 1, 1, 1, 1, 1, 1, 1, 1, 1, 1, 1, 1, 1, 1, 1, 1, 1, 1, 1, 1, 1, 1, 1, 1, 1, 1, 1, 1, 1, 1, 1, 1, 1, 1, 1, 1, 1, 1, 1, 1, 1, 1, 1, 1, 1, 1, 1, 1, 1, 1, 1, 1, 1, 1, 1, 1, 1, 1, 1, 1, 1, 1, 1, 1, 1, 1, 1, 1, 1, 1, 1, 1, 1, 1, 1, 1, 1, 1, 1, 1, 1, 1, 1, 1, 1, 1, 1, 1, 1, 1, 1, 1, 1, 1, 1, 1, 1, 1, 1, 1, 1, 1, 1, 1, 1, 1, 1, 1, 1, 1, 1, 1, 1, 1, 1, 1, 1, 1, 1, 1, 1, 1, 1, 1, 1, 1, 1, 1, 1, 1, 1, 1, 1, 1, 1, 1, 1, 1, 1, 1, 1, 1, 1, 1, 1, 1, 1, 1, 1, 1, 1, 1, 1, 1, 1, 1, 1, 1, 1, 1, 1, 1, 1, 1, 1, 1, 1, 1, 1, 1, 1, 1, 1, 1, 1, 1, 1, 1, 1, 1, 1, 1, 1, 1, 1, 1, 1, 1, 1, 1, 1, 1, 1, 1, 1, 1, 1, 1, 1, 1, 1, 1, 1, 1, 1, 1, 1, 1, 1, 1, 1, 1, 1, 1, 1, 1, 1, 1, 1, 1, 1, 1, 1, 1, 1, 1, 1, 1, 1, 1, 1, 1, 1, 1, 1, 1, 1, 1, 1, 1, 1, 1, 1, 1, 1, 1, 1, 1, 1, 1, 1, 1, 1, 1, 1, 1, 1, 1, 1, 1, 1, 1, 1, 1, 1, 1, 1, 1, 1, 1, 1, 1, 1, 1, 1, 1, 1, 1, 1, 1, 1]

X_aleatório_inicial:
[0.5373677641329294, 0.3475265191674646, 0.4169695076580163, 0.31145946825515936, 0.9982101303564599, 0.47286141020508377, 0.2167300577541894, 0.16845056342495435, 0.8479158216801973, 0.03697593379333852, 0.2559622385718252, 0.29429173294480937, 0.8240746766352594, 0.6185047442317654, 0.37308588465197845, 0.907961856045591, 0.36511315530990074, 0.23702180621078528, 0.3124576586772486, 0.3109981872526393, 0.5534240428377474, 0.4957799375883478, 0.448865896861552, 0.2063950962616955, 0.8601150234488957, 0.014362226809175427, 0.43556527042323767, 0.7109761582637286, 0.5272698063381546, 0.9070216103340895, 0.43889876897187574, 0.41365822712492073, 0.25970668259457175, 0.052019300973223714, 0.7252295085085033, 0.9222871953338122, 0.6462625768173386, 0.21031372270916238, 0.9326482608118781, 0.1314672642942396, 0.6822498213635286, 0.0026383081657862517, 0.11336134924414298, 0.7384381977789505, 0.1306608987713782, 0.003948091511658758, 0.32638483943003316, 0.5886718858643116, 0.9583053856344556, 0.9696195704412048, 0.587750296870209, 0.32545119390841515, 0.24443001383276408, 0.293926256898303, 0.3098036656358186, 0.20881087324640335, 0.2639726657600985, 0.554521457442064, 0.8799543540043208, 0.4487930130052906, 0.26379361829736847, 0.34016498392195205, 0.13576808167077137, 0.5130518765811436, 0.8760968373889376, 0.15922380710687423, 0.6676546409285404, 0.3571474869722514, 0.08464926653233107, 0.6636491085136418, 0.09554167870017816, 0.3562536581649396, 0.37695555229930033, 0.014155091049382618, 0.17239525287426116, 0.7481661122667764, 0.16095927899227092, 0.7907888587295266, 0.3657529121146752, 0.6738722301951002, 0.9739241285371886, 0.563895488378891, 0.3401195802758642, 0.08820372792267928, 0.40265936455503537, 0.5742264234234852, 0.34613820413153373, 0.47035682196276574, 0.005245875279782153, 0.19263160859146566, 0.943998410211358, 0.21334233233579492, 0.6211827913254785, 0.17577833814723964, 0.16451576637500576, 0.046214524084050135, 0.979146926744117, 0.014457136592081477, 0.216018982654413, 0.8434366090384581, 0.0999561441597614, 0.03845314150282941, 0.3676687200919059, 0.7024083461734832, 0.8317956004198237, 0.2574492326629162, 0.6259164735083927, 0.09071649728766185, 0.8025879612889271, 0.20725174728252294, 0.9554430369245817, 0.9188735684264451, 0.32575942135268676, 0.48167800962349894, 0.1410492912927973, 0.7816988268154352, 0.03220642774153559, 0.5325014979344167, 0.06161136782339516, 0.7110983608675163, 0.44713811290484906, 0.3175837632688202, 0.5267777932301235, 0.6864328093131217, 0.3999866107106068, 0.49299213936623654, 0.6927086054607136, 0.736985829913741, 0.21051013856791057, 0.4959938661608433, 0.5656294037350158, 0.11961833362575935, 0.9592662581418633, 0.9067426038291411, 0.2146337722611832, 0.7692695813869769, 0.40640532046954325, 0.5478153506840858, 0.1887299526172762, 0.8090588342186503, 0.4346416814894567, 0.6978831495723522, 0.8206969667383286, 0.5551559710031111, 0.21449291418765548, 0.10437646067580897, 0.30081557624745503, 0.23694635509203132, 0.9162964033182722, 0.7174109449255978, 0.8749912737606241, 0.9226499258067927, 0.6336550265867318, 0.3156235368653668, 0.3456583782719448, 0.6867854901257634, 0.2398554746263457, 0.7772546934740824, 0.6532413810632731, 0.5417585310166312, 0.6407396641152361, 0.7042845671847446, 0.04174753924411467, 0.7894099326985212, 0.14400175239830193, 0.7929766479719473, 0.2158706707126129, 0.45105734372578465, 0.39051945472580873, 0.8315820889671822, 0.11135123634178723, 0.5705860336654618, 0.6846968029491343, 0.11172743125378415, 0.8763779380095141, 0.8306342159596789, 0.8410966188803057, 0.6588324263257788, 0.09981015927255399, 0.7917516110408155, 0.3773186832895733, 0.2890175594490674, 0.24618631354800258, 0.9916480449007508, 0.7126465363894174, 0.5985341930210609, 0.8215620656014162, 0.9888501902933324, 0.41574711213019755, 0.456560348763856, 0.3430437112999144, 0.3397116562451664, 0.7453665989881957, 0.1915758133259231, 0.3032087349988095, 0.07542163698116933, 0.5804491363639793, 0.09748813428856173, 0.7308100392362488, 0.9937395368553454, 0.44638643284745627, 0.5949894475769912, 0.6749195598532568, 0.7071295954888849, 0.5609961871320066, 0.39054901625548855, 0.3148909007938152, 0.9086731267398727, 0.5940985822467861, 0.15259864289988667, 0.3745377794923387, 0.9796762979594578, 0.17249043317105794, 0.5995457777244646, 0.6009197444574811, 0.1463529089356712, 0.9725311136000995, 0.7123679378458341, 0.004258564276390042, 0.1752044537695423, 0.01885313331529226, 0.21903121477957255, 0.8115293885403353, 0.9679947321368129, 0.6911415589142533, 0.1949594928668129, 0.8638204286290817, 0.008453505206049705, 0.9494333605662534, 0.8763543133350306, 0.20163699595045648, 0.6271286134635026, 0.753704503558878, 0.3588784791279278, 0.8687530667925725, 0.12668673395942498, 0.129098347134894, 0.10472191426253374, 0.7370925484743472, 0.6707342239105781, 0.17119730492525387, 0.8960330901028962, 0.3586067854354831, 0.684246645403822, 0.8308035700461697, 0.44266476940477784, 0.7749835345508213, 0.551367699308899, 0.09151352393339895, 0.4903301520021969, 0.7269293026315548, 0.678333575484103, 0.47924514117591366, 0.0002266967645266904, 0.9183729785899274, 0.9573197578641123, 0.18416178119475635, 0.43449954428435456, 0.7397032485212305, 0.020668332865752426, 0.9845449449788307, 0.6568202556118024, 0.6775481791563381, 0.06208551706603549, 0.003433209160612405, 0.3477501636345355, 0.49189551315527624, 0.0715649200128361, 0.027102076567383282, 0.53830018650403, 0.25803177729977733, 0.7484148960946064, 0.702197248208889, 0.29611003825278304, 0.7859590679102691, 0.9104057989280533, 0.5266358727502626, 0.2305092376609461, 0.5475635151184693, 0.7950673838494807, 0.5954409140845983, 0.6852073047724379, 0.6120722681348586, 0.7945177817921714, 0.17653066126322103, 0.9148673270390552, 0.6934865605758469, 0.6485534856101609, 0.5168305592052113, 0.8013544605075317, 0.6897593797561093, 0.27104931977596824, 0.8225674193580339, 0.5818559014422996, 0.5495851713243215, 0.1103869068995158, 0.7445719972590069, 0.7750779793854568, 0.6079492813890213, 0.4051920494358179, 0.4909385893690148, 0.541779982920459, 0.4205341151987356, 0.9471466297883591, 0.6523766279105283, 0.4040593414972514, 0.2577660311016865, 0.3134833129519262, 0.7166137390735186, 0.995154437621824, 0.9288787152066381, 0.4518126192704781, 0.047322807594952776, 0.8256744871253469, 0.27297404926199287, 0.19908849303380183, 0.06375922923337773, 0.5979134488330673, 0.5580005998532902, 0.9846416831700132, 0.1119018717839585, 0.13599521309650942, 0.41668008086711184, 0.7606144670637387, 0.4837114905801473, 0.015286933883615905, 0.36699114170334657, 0.6362701712109506, 0.9035473910890276, 0.5770201387362544, 0.42151645877876187, 0.6092362533064354, 0.6907023157699024, 0.6020319174201564, 0.21521273338142033, 0.9401368246608981, 0.5239603565329111, 0.8748696343958178, 0.739628270422688, 0.6447461253754714, 0.12799800239101466, 0.16411990665388776, 0.2569489989558289, 0.026577204622296735, 0.9472269264073484, 0.9653893864121479, 0.6064751403543878, 0.621213927775157, 0.7179092065049724, 0.13680682207911543, 0.8977326043204769, 0.6597114475176502, 0.42784103100186743, 0.19141701775960962, 0.8504152004816842, 0.18090619739380176, 0.2868558162512178, 0.6693614359561773, 0.06541313518924596, 0.6574010492964864, 0.6523869951176742, 0.13931406721908568, 0.3820311712704747, 0.3326279048805344, 0.6150035601058501, 0.3266097903527255, 0.7969175784631569, 0.43033931898620426, 0.4230622979854295, 0.44457134198223947, 0.08212079460567312, 0.6432862060957892, 0.4574379103271229, 0.5170140428856316, 0.17436943195092702, 0.45062054241251304, 0.41460872004805616, 0.37554864192493354, 0.12457510034848973, 0.6471184454952381, 0.21317619076758176, 0.3333895050992606, 0.7809832036368235, 0.570802886734046, 0.2276498603615218, 0.5877110284806724, 0.527500556958296, 0.7724660770019215, 0.41877721908141186, 0.42523338404298017, 0.06808880801805173, 0.0062395282455952605, 0.35750015671977875, 0.3407581729889174, 0.40575771439201114, 0.5450808759992916, 0.9736052713203744, 0.3058913598248304, 0.14696904323996318, 0.655948108843512, 0.6286595403988342, 0.7163725475677867, 0.17472838933942214, 0.5135675603931772, 0.09504104543092495, 0.06617634159703589, 0.8520562483686579, 0.5760872042263276, 0.6098263882830548, 0.3872421445220444, 0.6197771248537559, 0.9192483431889351, 0.03766408069764493, 0.2261431713374159, 0.20459355593008943, 0.1913122532118, 0.6022998406507944, 0.32023522064987175, 0.23966857355142768, 0.6651647275048024, 0.02781836826937989, 0.037903571618655096, 0.0015635900023320826, 0.27178139118525646, 0.8504483893044018, 0.41604777524172776, 0.8244947874509492, 0.6025715057492259, 0.549016088201311, 0.18532605429056948, 0.22348752894994428, 0.43893497554538996, 0.4269893397708282, 0.15807573643481654, 0.6707477846514102, 0.7255769225288652, 0.7742149732528033, 0.43025923226723883, 0.9432534912411663, 0.6210786860505946, 0.9549079305340336, 0.5377789316584688, 0.5488331807046811, 0.4690720490537452, 0.3357768142033163, 0.36130128542173356, 0.47140434316574376, 0.7862185895558789, 0.08126474646550175, 0.3507737820892426, 0.8741764094368303, 0.44576820922918703, 0.2508952985642977, 0.7940011725629644, 0.20376795402754477, 0.5326880531864707, 0.1875352072949179, 0.8431803450659514, 0.45615231774024934, 0.7376367375199948, 0.20740847629208214, 0.5011968060759212, 0.16423838545307168, 0.2397193987626487, 0.7492969750593064, 0.6336181536939752, 0.39108492879238277, 0.19169259492121937, 0.22815197831985357, 0.03015966909427359, 0.39323663696127287, 0.15053189442268633, 0.3788276567729775, 0.49115259364085373, 0.990769685678348, 0.05660483816679651, 0.15729358650566194, 0.13286831490664308, 0.4207064624795762, 0.3350397168496848, 0.09941538450009801, 0.7870799548039648, 0.970506855462875, 0.740312799397278, 0.23979138101897302, 0.38732199595973726, 0.3244257134848574, 0.08946680217362679, 0.2564591327946907, 0.7105463132645274, 0.9139919741251807, 0.6727500719006532, 0.13870939896376833, 0.5864567479814933, 0.08940249515837939, 0.8953713333565931, 0.8717032369690403, 0.9550755007130349, 0.9875975270183928, 0.1531952932434587]

Erro da solução (|Ax - b|): 23.96597905029562
Erro (|Ax - b|)/|b| 1.0186025284666007
Erro no vetor x: 13.214006475927722

Tempo de execução: 0.0024127960205078125
