Solução x:
[0.9986431873791224, 0.5345014016742886, 0.4377968995531938, 0.6324835977093562, 0.9039761022094129, 0.9459781815905808, 0.6809646779693803, 0.31549442964905006, 0.7838494885881656, 0.8832224558029017, 0.6326835904844826, 0.7970952349159977, 0.5834875346467387, 0.37168455389068394, 0.052428266087553785, 0.8656725982617561, 0.20657261045768738, 0.5546701260720939, 0.9700368131823643, 0.8313403583703122, 0.11381055492705251, 0.8495191510648986, 0.778141144043065, 0.25470263409995525, 0.26849442037160126, 0.9959323170620676, 0.9988770196589608, 0.7089733314457515, 0.7823963829922621, 0.8600307379914731, 0.5731428316778753, 0.1130447736398066, 0.751860212785521, 0.2677749914545129, 0.7183225871438154, 0.9752062752326437, 0.4453400271843296, 0.8052132913222478, 0.11496661440168475, 0.5025732335611524, 0.014139563144005772, 0.825742380290365, 0.9056525970510213, 0.4840318302116007, 0.37805333225511756, 0.5997642510979534, 0.3664497898289755, 0.2602145692702166, 0.49366572514193113, 0.24514010304807715, 0.8226873416007691, 0.3509266098827886, 0.1808764957559348, 0.7060221869321175, 0.08007733084574019, 0.7873064480978916, 0.6191238724703182, 0.8616872251002152, 0.4143738555714217, 0.598569041627494, 0.8469505015319391, 0.6125444332398436, 0.3582612370068809, 0.11395397293470698, 0.9850250232756107, 0.9279101229471979]

X_aleatório_inicial:
[0.9986431873791224, 0.5345014016742886, 0.4377968995531939, 0.6324835977093564, 0.903976102209413, 0.9459781815905809, 0.6809646779693803, 0.31549442964905006, 0.7838494885881656, 0.8832224558029017, 0.6326835904844827, 0.7970952349159978, 0.5834875346467387, 0.371684553890684, 0.0524282660875538, 0.8656725982617559, 0.20657261045768738, 0.5546701260720938, 0.9700368131823642, 0.8313403583703122, 0.1138105549270525, 0.8495191510648987, 0.778141144043065, 0.2547026340999553, 0.2684944203716013, 0.9959323170620678, 0.9988770196589609, 0.7089733314457514, 0.782396382992262, 0.860030737991473, 0.5731428316778752, 0.11304477363980658, 0.7518602127855208, 0.2677749914545129, 0.7183225871438154, 0.9752062752326436, 0.44534002718432963, 0.8052132913222478, 0.11496661440168476, 0.5025732335611524, 0.014139563144005773, 0.8257423802903651, 0.9056525970510213, 0.4840318302116007, 0.3780533322551176, 0.5997642510979534, 0.3664497898289756, 0.2602145692702166, 0.4936657251419313, 0.2451401030480772, 0.8226873416007693, 0.35092660988278856, 0.18087649575593479, 0.7060221869321174, 0.0800773308457402, 0.7873064480978916, 0.6191238724703183, 0.8616872251002153, 0.4143738555714217, 0.5985690416274941, 0.8469505015319391, 0.6125444332398436, 0.35826123700688084, 0.11395397293470699, 0.9850250232756107, 0.9279101229471979]

Erro da solução (|Ax - b|): 6.382636584635873e-17
Erro (|Ax - b|)/|b| 1.2141217777358733e-16
Erro no vetor x: 6.53585702819934e-16

Tempo de execução: 0.00487828254699707
