Solução x:
[0.9986431873791224, 0.5345014016742886, 0.4377968995531939, 0.6324835977093564, 0.903976102209413, 0.9459781815905809, 0.6809646779693803, 0.31549442964905006, 0.7838494885881656, 0.8832224558029017, 0.6326835904844827, 0.7970952349159978, 0.5834875346467387, 0.37168455389068394, 0.0524282660875538, 0.8656725982617559, 0.20657261045768738, 0.5546701260720938, 0.9700368131823642, 0.8313403583703122, 0.1138105549270525, 0.8495191510648987, 0.7781411440430651, 0.2547026340999553, 0.2684944203716013, 0.9959323170620678, 0.9988770196589609, 0.7089733314457514, 0.782396382992262, 0.860030737991473, 0.5731428316778752, 0.11304477363980658, 0.7518602127855208, 0.2677749914545129, 0.7183225871438154, 0.9752062752326436, 0.44534002718432963, 0.8052132913222478, 0.11496661440168476, 0.5025732335611524, 0.014139563144005773, 0.8257423802903651, 0.9056525970510214, 0.48403183021160073, 0.3780533322551176, 0.5997642510979534, 0.3664497898289756, 0.2602145692702166, 0.4936657251419313, 0.24514010304807718, 0.8226873416007692, 0.35092660988278856, 0.18087649575593479, 0.7060221869321174, 0.0800773308457402, 0.7873064480978916, 0.6191238724703183, 0.8616872251002153, 0.4143738555714217, 0.5985690416274941, 0.8469505015319391, 0.6125444332398436, 0.35826123700688084, 0.11395397293470699, 0.9850250232756107, 0.9279101229471979]

X_aleatório_inicial:
[0.9986431873791224, 0.5345014016742886, 0.4377968995531939, 0.6324835977093564, 0.903976102209413, 0.9459781815905809, 0.6809646779693803, 0.31549442964905006, 0.7838494885881656, 0.8832224558029017, 0.6326835904844827, 0.7970952349159978, 0.5834875346467387, 0.371684553890684, 0.0524282660875538, 0.8656725982617559, 0.20657261045768738, 0.5546701260720938, 0.9700368131823642, 0.8313403583703122, 0.1138105549270525, 0.8495191510648987, 0.778141144043065, 0.2547026340999553, 0.2684944203716013, 0.9959323170620678, 0.9988770196589609, 0.7089733314457514, 0.782396382992262, 0.860030737991473, 0.5731428316778752, 0.11304477363980658, 0.7518602127855208, 0.2677749914545129, 0.7183225871438154, 0.9752062752326436, 0.44534002718432963, 0.8052132913222478, 0.11496661440168476, 0.5025732335611524, 0.014139563144005773, 0.8257423802903651, 0.9056525970510213, 0.4840318302116007, 0.3780533322551176, 0.5997642510979534, 0.3664497898289756, 0.2602145692702166, 0.4936657251419313, 0.2451401030480772, 0.8226873416007693, 0.35092660988278856, 0.18087649575593479, 0.7060221869321174, 0.0800773308457402, 0.7873064480978916, 0.6191238724703183, 0.8616872251002153, 0.4143738555714217, 0.5985690416274941, 0.8469505015319391, 0.6125444332398436, 0.35826123700688084, 0.11395397293470699, 0.9850250232756107, 0.9279101229471979]

Erro da solução (|Ax - b|): 0.0
Erro (|Ax - b|)/|b| 0.0
Erro no vetor x: 2.0955000055363631e-16

Tempo de execução: 0.007756233215332031
