Solução x:
[0.47685421007646867, 0.306064932788752, 0.7197777883898911, 0.26590643089763555, 0.8356170442853481, 0.5805442125811524, 0.4934433816350151, 0.6946311483852452, 0.35930104878492286, 0.8793000337432467, 0.9001928478645195, 0.1744067386923307, 0.29146300540387715, 0.7828593122258596, 0.07786576765942943, 0.08756425006962998, 0.6834735164744936, 0.2965361311134682, 0.9574370638649861, 0.3947910878615774, 0.7231458139777195, 0.4094986232734876, 0.9110495281347153, 0.38818320520613525, 0.29686633425584563, 0.8652630482639283, 0.45645369117856593, 0.9567354167840215, 0.06585808458679021, 0.20035175925391624, 0.39366240581343004, 0.9870481764764709, 0.8177162516964402, 0.5145731771935681, 0.8657213689943662, 0.3674945714377498, 0.6508305285581283, 0.9676133600668672, 0.9532048745099228, 0.8230638971261812, 0.5507889706539585, 0.21358357634759895, 0.47913141324279007, 0.24164239615782812, 0.5399047249031175, 0.4302833626067274, 0.6951833915943096, 0.8948107327433795, 0.753157126385468, 0.262755385544688, 0.9103638011286155, 0.760435801848833, 0.9389808095567173, 0.219708033635587, 0.6432686321314073, 0.41256126185000475, 0.7859391241528055, 0.3753762601054349, 0.9252509091952522, 0.8159979308500936, 0.3862720383976961, 0.6654335335168176, 0.5794757618604925, 0.40303377274644736, 0.7666734360714599, 0.2991280696278026]

X_aleatório_inicial:
[0.47685421007646867, 0.306064932788752, 0.7197777883898911, 0.26590643089763555, 0.8356170442853481, 0.5805442125811524, 0.4934433816350151, 0.6946311483852452, 0.35930104878492286, 0.8793000337432467, 0.9001928478645195, 0.1744067386923307, 0.29146300540387715, 0.7828593122258595, 0.07786576765942943, 0.08756425006962998, 0.6834735164744936, 0.2965361311134682, 0.9574370638649861, 0.39479108786157735, 0.7231458139777195, 0.4094986232734876, 0.9110495281347153, 0.38818320520613525, 0.29686633425584563, 0.8652630482639283, 0.45645369117856593, 0.9567354167840214, 0.06585808458679021, 0.20035175925391624, 0.39366240581343004, 0.9870481764764709, 0.8177162516964402, 0.5145731771935681, 0.8657213689943662, 0.3674945714377498, 0.6508305285581283, 0.9676133600668672, 0.9532048745099228, 0.8230638971261812, 0.5507889706539585, 0.21358357634759895, 0.47913141324279007, 0.24164239615782812, 0.5399047249031175, 0.4302833626067274, 0.6951833915943096, 0.8948107327433795, 0.753157126385468, 0.262755385544688, 0.9103638011286154, 0.760435801848833, 0.9389808095567173, 0.219708033635587, 0.6432686321314073, 0.41256126185000475, 0.7859391241528055, 0.3753762601054349, 0.9252509091952522, 0.8159979308500936, 0.3862720383976961, 0.6654335335168176, 0.5794757618604925, 0.40303377274644736, 0.7666734360714599, 0.2991280696278026]

Erro da solução (|Ax - b|): 0.0
Erro no vetor x: 2.0014830212433605e-16

Tempo de execução: 0.010198831558227539
