A matriz é diagonal dominante

Logs intermediários:
Iteração 1: Resíduo relativo = 0.8756860235887903, x = [0.9400877479807768, 0.48853109729239946, 0.8813240307053899, 0.5090505877631951, 0.4762595026358644, 0.11214329007712431, 0.8927154863635954, 0.8032933143024713, 0.8707822721691251, 0.2017194095277023, 0.795377260343845, 0.5832134358539963, 0.7327897518956334, 0.9807509268758645, 0.3209976494556336, 0.7022646246284844, 0.8749089276830241, 0.3197412883151044, 0.23020157802329613, 0.3092900805046287, 0.991761744478394, 0.11672403977645152, 0.8911749958458056, 0.744689599504232, 0.5927697891271863, 0.06565564377598743, 0.8468803430176013, 0.8674305177636774, 0.887141081560624, 0.6679229026574568, 0.07216819105820105, 0.5919057646144044, 0.41862814555841865, 0.5658218284727564, 0.8272764535882022, 0.8159614970736856, 0.17638677222969723, 0.29810685235529555, 0.9969248476069321, 0.43168729657485505, 0.29052662577048427, 0.31637303859569266, 0.47166441861503394, 0.8046645533621613, 0.22433657416353492, 0.2555201452053819, 0.7161203000447334, 0.30871530092987975, 0.36716799228652297, 0.21207536832809137, 0.8807543723341187, 0.7064719002042769, 0.2516630709802744, 0.17581966203250665, 0.5468373802544927, 0.02223908079960435, 0.6619540568366227, 0.9342924723761785, 0.35768560631415813, 0.26517199099855127, 0.5639554046045153, 0.3099662547034647, 0.5058196631451817, 0.37245861087054544, 0.8932196728561862, 0.5715252364375777]
Iteração 2: Resíduo relativo = 0.0, x = [0.9400877479807768, 0.48853109729239946, 0.8813240307053899, 0.5090505877631951, 0.4762595026358644, 0.11214329007712431, 0.8927154863635954, 0.8032933143024713, 0.8707822721691251, 0.2017194095277023, 0.795377260343845, 0.5832134358539963, 0.7327897518956334, 0.9807509268758645, 0.3209976494556336, 0.7022646246284844, 0.8749089276830241, 0.3197412883151044, 0.23020157802329613, 0.3092900805046287, 0.991761744478394, 0.11672403977645152, 0.8911749958458056, 0.744689599504232, 0.5927697891271863, 0.06565564377598743, 0.8468803430176013, 0.8674305177636774, 0.887141081560624, 0.6679229026574568, 0.07216819105820105, 0.5919057646144044, 0.41862814555841865, 0.5658218284727564, 0.8272764535882022, 0.8159614970736856, 0.17638677222969723, 0.29810685235529555, 0.9969248476069321, 0.43168729657485505, 0.29052662577048427, 0.31637303859569266, 0.47166441861503394, 0.8046645533621613, 0.22433657416353492, 0.2555201452053819, 0.7161203000447334, 0.30871530092987975, 0.36716799228652297, 0.21207536832809137, 0.8807543723341187, 0.7064719002042769, 0.2516630709802744, 0.17581966203250665, 0.5468373802544927, 0.02223908079960435, 0.6619540568366227, 0.9342924723761785, 0.35768560631415813, 0.26517199099855127, 0.5639554046045153, 0.3099662547034647, 0.5058196631451817, 0.37245861087054544, 0.8932196728561862, 0.5715252364375777]

Solução x:
[0.9400877479807768, 0.48853109729239946, 0.8813240307053899, 0.5090505877631951, 0.4762595026358644, 0.11214329007712431, 0.8927154863635954, 0.8032933143024713, 0.8707822721691251, 0.2017194095277023, 0.795377260343845, 0.5832134358539963, 0.7327897518956334, 0.9807509268758645, 0.3209976494556336, 0.7022646246284844, 0.8749089276830241, 0.3197412883151044, 0.23020157802329613, 0.3092900805046287, 0.991761744478394, 0.11672403977645152, 0.8911749958458056, 0.744689599504232, 0.5927697891271863, 0.06565564377598743, 0.8468803430176013, 0.8674305177636774, 0.887141081560624, 0.6679229026574568, 0.07216819105820105, 0.5919057646144044, 0.41862814555841865, 0.5658218284727564, 0.8272764535882022, 0.8159614970736856, 0.17638677222969723, 0.29810685235529555, 0.9969248476069321, 0.43168729657485505, 0.29052662577048427, 0.31637303859569266, 0.47166441861503394, 0.8046645533621613, 0.22433657416353492, 0.2555201452053819, 0.7161203000447334, 0.30871530092987975, 0.36716799228652297, 0.21207536832809137, 0.8807543723341187, 0.7064719002042769, 0.2516630709802744, 0.17581966203250665, 0.5468373802544927, 0.02223908079960435, 0.6619540568366227, 0.9342924723761785, 0.35768560631415813, 0.26517199099855127, 0.5639554046045153, 0.3099662547034647, 0.5058196631451817, 0.37245861087054544, 0.8932196728561862, 0.5715252364375777]

X_aleatório_inicial:
[0.9400877479807769, 0.4885310972923994, 0.8813240307053899, 0.5090505877631951, 0.47625950263586436, 0.11214329007712431, 0.8927154863635954, 0.8032933143024713, 0.8707822721691251, 0.2017194095277023, 0.7953772603438449, 0.5832134358539963, 0.7327897518956334, 0.9807509268758645, 0.3209976494556336, 0.7022646246284844, 0.8749089276830241, 0.3197412883151044, 0.2302015780232961, 0.3092900805046287, 0.991761744478394, 0.11672403977645152, 0.8911749958458056, 0.744689599504232, 0.5927697891271863, 0.06565564377598743, 0.8468803430176013, 0.8674305177636774, 0.887141081560624, 0.6679229026574568, 0.07216819105820105, 0.5919057646144044, 0.41862814555841865, 0.5658218284727564, 0.8272764535882022, 0.8159614970736856, 0.17638677222969723, 0.29810685235529555, 0.9969248476069321, 0.43168729657485505, 0.29052662577048427, 0.31637303859569266, 0.47166441861503394, 0.8046645533621614, 0.22433657416353492, 0.2555201452053819, 0.7161203000447334, 0.30871530092987975, 0.36716799228652297, 0.21207536832809137, 0.8807543723341187, 0.7064719002042769, 0.2516630709802744, 0.17581966203250665, 0.5468373802544927, 0.02223908079960435, 0.6619540568366227, 0.9342924723761785, 0.35768560631415813, 0.26517199099855127, 0.5639554046045153, 0.3099662547034647, 0.5058196631451817, 0.37245861087054544, 0.8932196728561862, 0.5715252364375777]

Erro da solução (|Ax - b|): 0.0
Erro (|Ax - b|)/|b| 0.0
Erro no vetor x: 2.0955000055363631e-16

Tempo de execução: 0.0009915828704833984
