A matriz é diagonal dominante

Logs intermediários:
Iteração 1: Resíduo relativo = 0.11888233344967902, x = [ 0.99906889  0.68055145  0.61418795  0.6222683   0.90130707  0.94447662
  0.67209694  0.29646827  0.77784148  0.91986138  0.747929    0.86075654
  0.46385214  0.19121272 -0.21974395  0.91472127  0.49628685  0.71727909
  0.98097765  0.8929252   0.43739618  0.80629635  0.71441635  0.04062994
  0.66366072  0.99812972  0.99948366  0.69370379  0.77097919  0.85268685
  0.55074656  0.06650816  0.73884086  0.66332993  0.87048741  0.98860008
  0.48184745  0.81803405  0.17321904  0.80245429  0.60848006  0.93079616
  0.96253132  0.79509085  0.75300305  0.62610755  0.40814973  0.30890685
  0.91261924  0.86972987  0.96940022  0.85210293  0.81335552  0.93301457
  0.55562631  0.89725721  0.8160157   0.93318726  0.71711008  0.80608657
  0.96512633  0.91171485  0.85377419  0.8696842   0.99779755  0.98939733]
Iteração 2: Resíduo relativo = 0.05265527783008989, x = [ 0.99853098  0.4960045   0.3913025   0.59250214  0.89352983  0.94010124
  0.64625739  0.24102828  0.76033486  0.87356491  0.60230639  0.78031494
  0.62478281  0.43397911  0.1463756   0.85905339  0.16747516  0.53272576
  0.96856033  0.82302938  0.0701421   0.86443863  0.80013742  0.32859541
  0.35809664  0.99643057  0.99901457  0.68060566  0.76118558  0.84638731
  0.53153515  0.02658927  0.72767292  0.35746533  0.75282529  0.97824326
  0.37016083  0.7788117  -0.00499174  0.60490438  0.21695179  0.86159084
  0.92506184  0.59017733  0.50600084  0.54551588  0.28057773  0.15994327
  0.79657401  0.6967258   0.92876247  0.66763282  0.58055626  0.84946452
  0.1670145   0.80740702  0.65511852  0.87475846  0.46971838  0.63650622
  0.92162885  0.80159792  0.67138862  0.6917655   0.99479056  0.97492163]
Iteração 3: Resíduo relativo = 0.023511138965539014, x = [0.99853843 0.49856229 0.39439165 0.65058596 0.90870585 0.94863908
 0.69667906 0.3492104  0.79449619 0.87420657 0.6043247  0.78142984
 0.57539207 0.35947242 0.03401097 0.85392687 0.13719448 0.51573001
 0.9674168  0.81659258 0.03632121 0.84659436 0.77382903 0.2402168
 0.22933078 0.99571454 0.9988169  0.7246001  0.79408068 0.86754643
 0.59606307 0.16067012 0.76518416 0.22857284 0.70324203 0.97387886
 0.45664233 0.80918246 0.13300094 0.4997281  0.00850073 0.82474568
 0.90511296 0.48108065 0.37449598 0.60791985 0.37935964 0.27528917
 0.69031898 0.53831729 0.89155314 0.51584503 0.38900174 0.78071691
 0.01953616 0.77330884 0.59405798 0.8525847  0.37583312 0.57215041
 0.88583776 0.71099025 0.52131605 0.52128532 0.99190929 0.96105114]
Iteração 4: Resíduo relativo = 0.012765716842371027, x = [ 0.99871297  0.55844128  0.46671014  0.62372475  0.90168761  0.9446907
  0.67336126  0.29918093  0.77869807  0.88922814  0.65157411  0.80753031
  0.58529301  0.37440814  0.05653575  0.87023103  0.23349777  0.56978251
  0.97105362  0.83706387  0.14388362  0.85017145  0.77910285  0.25793331
  0.23319236  0.99573601  0.99882283  0.69861322  0.77465002  0.85504804
  0.55794736  0.08147051  0.74302681  0.23243821  0.70472899  0.97400974
  0.45772818  0.80956379  0.13473356  0.47034558 -0.0497331   0.81445245
  0.89953995  0.4506029   0.33775819  0.60870339  0.38059994  0.27673745
  0.57657805  0.36874855  0.85172232  0.37948798  0.21692064  0.71895818
  0.0446164   0.7791076   0.60444196  0.85635558  0.3917993   0.58309479
  0.85368519  0.62959376  0.38649986  0.32571644  0.988604    0.9451394 ]
Iteração 5: Resíduo relativo = 0.006117190899826599, x = [ 0.99866029  0.54036981  0.44488443  0.63508709  0.90465634  0.94636087
  0.68322473  0.32034349  0.78538071  0.88469464  0.63731424  0.7996532
  0.58308748  0.37108107  0.05151814  0.86846007  0.22303728  0.56391131
  0.97065859  0.83484027  0.13220016  0.84937462  0.77792805  0.25398679
  0.26650971  0.99592128  0.99887397  0.71398193  0.78614136  0.86243962
  0.58048908  0.12830936  0.75613072  0.26578833  0.71755834  0.97513901
  0.43491551  0.80155239  0.09833292  0.48866037 -0.01343463  0.82086845
  0.90301373  0.46960037  0.36065769  0.59224205  0.35454258  0.24631073
  0.52013594  0.28460278  0.83195692  0.33305338  0.15832068  0.69792706
  0.08493082  0.78842861  0.62113337  0.86241696  0.41746361  0.60068698
  0.84273605  0.60187525  0.34058998  0.21562104  0.98674329  0.93618189]
Iteração 6: Resíduo relativo = 0.0022308147681914074, x = [0.99863048 0.53014303 0.43253311 0.63279731 0.90405807 0.94602429
 0.681237   0.31607872 0.78403399 0.88212909 0.62924448 0.79519548
 0.5835245  0.37174032 0.05251237 0.86515568 0.20351934 0.55295641
 0.96992151 0.83069132 0.11040032 0.84953251 0.77816084 0.25476878
 0.27446072 0.99596549 0.99888618 0.70811874 0.7817574  0.85961972
 0.57188938 0.11044025 0.75113156 0.27374716 0.72062    0.9754085
 0.44682284 0.80573403 0.11733264 0.50144236 0.01189826 0.82534621
 0.9054381  0.4828588  0.37663937 0.60083423 0.36814351 0.26219229
 0.50160621 0.25697804 0.82546801 0.33092031 0.15562877 0.69696095
 0.08877737 0.78931797 0.62272595 0.8629953  0.41991233 0.60236552
 0.84223308 0.60060194 0.33848101 0.1693604  0.98596144 0.93241806]
Iteração 7: Resíduo relativo = 0.0011001176749266945, x = [0.99865113 0.53722478 0.44108604 0.63115803 0.90362976 0.94578333
 0.67981398 0.31302554 0.78306987 0.88390566 0.63483256 0.79828232
 0.58348266 0.37167719 0.05241717 0.86536925 0.20478086 0.55366446
 0.96996915 0.83095948 0.11180932 0.84951739 0.77813855 0.2546939
 0.26759651 0.99592732 0.99887564 0.70952858 0.78281154 0.86029778
 0.57395722 0.11473698 0.75233363 0.26687619 0.71797683 0.97517584
 0.44539447 0.80523241 0.11505349 0.5062024  0.02133228 0.82701374
 0.90634094 0.48779627 0.38259098 0.59980354 0.36651198 0.26028718
 0.49236768 0.24320493 0.82223278 0.3451876  0.17363393 0.70342288
 0.07610971 0.7863891  0.61748116 0.86109068 0.41184805 0.59683767
 0.84559726 0.60911861 0.35258708 0.13092778 0.9853119  0.92929113]
Iteração 8: Resíduo relativo = 0.000570741122804838, x = [0.99864327 0.53452997 0.4378314  0.63365295 0.90428163 0.94615007
 0.68197978 0.31767238 0.78453723 0.88322962 0.63270613 0.79710769
 0.58348899 0.37168676 0.05243159 0.86578896 0.20725993 0.5550559
 0.97006277 0.83148646 0.11457823 0.84951968 0.77814192 0.25470525
 0.26739386 0.9959262  0.99887533 0.70856483 0.78209095 0.85983427
 0.57254368 0.11179981 0.75151191 0.26667335 0.7178988  0.97516897
 0.44507706 0.80512094 0.11454702 0.50401864 0.01700425 0.82624873
 0.90592675 0.48553111 0.37986057 0.5995745  0.36614942 0.25986384
 0.49142752 0.24180332 0.82190355 0.34996729 0.17966585 0.70558769
 0.07805942 0.78683989 0.61828839 0.86138383 0.41308924 0.59768848
 0.8467243  0.61197178 0.35731276 0.12011749 0.98512919 0.92841159]
Iteração 9: Resíduo relativo = 0.00016883488569687405, x = [0.99864157 0.53394763 0.43712809 0.6323226  0.90393404 0.94595452
 0.68082492 0.31519457 0.7837548  0.88308353 0.63224662 0.79685385
 0.58348741 0.37168437 0.05242799 0.86576178 0.20709937 0.55496578
 0.97005671 0.83145233 0.11439889 0.84951911 0.77814108 0.25470242
 0.26812774 0.99593028 0.99887646 0.70902613 0.78243586 0.86005613
 0.57322027 0.11320567 0.75190523 0.26740795 0.71818139 0.97519385
 0.44538844 0.80523029 0.11504387 0.50269147 0.01437391 0.8257838
 0.90567502 0.48415448 0.37820117 0.59979919 0.36650509 0.26027915
 0.49182673 0.24239847 0.82204335 0.35128184 0.18132479 0.70618308
 0.0799527  0.78727763 0.61907227 0.86166849 0.41429451 0.59851465
 0.84703426 0.61275648 0.35861245 0.11651285 0.98506827 0.92811832]
Iteração 10: Resíduo relativo = 7.578938741716188e-05, x = [0.99864365 0.53466031 0.43798883 0.63250654 0.9039821  0.94598155
 0.6809846  0.31553717 0.78386298 0.88326232 0.63280899 0.7971645
 0.58348755 0.37168457 0.05242829 0.86564223 0.20639323 0.55456945
 0.97003004 0.83130223 0.1136102  0.84951916 0.77814115 0.25470266
 0.26856037 0.99593268 0.99887712 0.70896607 0.78239095 0.86002725
 0.57313218 0.11302264 0.75185402 0.26784101 0.71834798 0.97520851
 0.44533203 0.80521048 0.11495386 0.5024392  0.01387393 0.82569543
 0.90562718 0.4838928  0.37788575 0.59975848 0.36644066 0.26020391
 0.49252583 0.24344071 0.82228816 0.35126977 0.18130956 0.70617761
 0.08029864 0.78735762 0.6192155  0.8617205  0.41451474 0.59866561
 0.84703142 0.61274928 0.35860052 0.11531632 0.98504805 0.92802096]
Iteração 11: Resíduo relativo = 1.3256846501048027e-05, x = [0.99864317 0.53449618 0.4377906  0.6324833  0.90397602 0.94597814
 0.68096442 0.31549388 0.78384931 0.88322115 0.63267947 0.79709296
 0.58348753 0.37168455 0.05242827 0.8656739  0.20658027 0.55467443
 0.9700371  0.83134199 0.11381911 0.84951915 0.77814114 0.25470263
 0.26861104 0.99593297 0.9988772  0.70897342 0.78239645 0.86003078
 0.57314296 0.11304505 0.75186029 0.26789173 0.71836749 0.97521023
 0.44534015 0.80521333 0.11496681 0.50255858 0.01411052 0.82573725
 0.90564982 0.48401663 0.37803501 0.59976434 0.36644993 0.26021473
 0.49363715 0.24509751 0.82267734 0.35093723 0.18088989 0.706027
 0.07999287 0.78728692 0.6190889  0.86167453 0.41432009 0.59853218
 0.846953   0.61255077 0.35827173 0.11398537 0.98502555 0.92791268]
Iteração 12: Resíduo relativo = 5.952278912591866e-16, x = [0.99864319 0.5345014  0.4377969  0.6324836  0.9039761  0.94597818
 0.68096468 0.31549443 0.78384949 0.88322246 0.63268359 0.79709523
 0.58348753 0.37168455 0.05242827 0.8656726  0.20657261 0.55467013
 0.97003681 0.83134036 0.11381055 0.84951915 0.77814114 0.25470263
 0.26849442 0.99593232 0.99887702 0.70897333 0.78239638 0.86003074
 0.57314283 0.11304477 0.75186021 0.26777499 0.71832259 0.97520628
 0.44534003 0.80521329 0.11496661 0.50257323 0.01413956 0.82574238
 0.9056526  0.48403183 0.37805333 0.59976425 0.36644979 0.26021457
 0.49366573 0.2451401  0.82268734 0.35092661 0.1808765  0.70602219
 0.08007733 0.78730645 0.61912387 0.86168723 0.41437386 0.59856904
 0.8469505  0.61254443 0.35826124 0.11395397 0.98502502 0.92791012]

Solução x:
[0.99864319 0.5345014  0.4377969  0.6324836  0.9039761  0.94597818
 0.68096468 0.31549443 0.78384949 0.88322246 0.63268359 0.79709523
 0.58348753 0.37168455 0.05242827 0.8656726  0.20657261 0.55467013
 0.97003681 0.83134036 0.11381055 0.84951915 0.77814114 0.25470263
 0.26849442 0.99593232 0.99887702 0.70897333 0.78239638 0.86003074
 0.57314283 0.11304477 0.75186021 0.26777499 0.71832259 0.97520628
 0.44534003 0.80521329 0.11496661 0.50257323 0.01413956 0.82574238
 0.9056526  0.48403183 0.37805333 0.59976425 0.36644979 0.26021457
 0.49366573 0.2451401  0.82268734 0.35092661 0.1808765  0.70602219
 0.08007733 0.78730645 0.61912387 0.86168723 0.41437386 0.59856904
 0.8469505  0.61254443 0.35826124 0.11395397 0.98502502 0.92791012]

X_aleatório_inicial:
[0.9986431873791224, 0.5345014016742886, 0.4377968995531939, 0.6324835977093564, 0.903976102209413, 0.9459781815905809, 0.6809646779693803, 0.31549442964905006, 0.7838494885881656, 0.8832224558029017, 0.6326835904844827, 0.7970952349159978, 0.5834875346467387, 0.371684553890684, 0.0524282660875538, 0.8656725982617559, 0.20657261045768738, 0.5546701260720938, 0.9700368131823642, 0.8313403583703122, 0.1138105549270525, 0.8495191510648987, 0.778141144043065, 0.2547026340999553, 0.2684944203716013, 0.9959323170620678, 0.9988770196589609, 0.7089733314457514, 0.782396382992262, 0.860030737991473, 0.5731428316778752, 0.11304477363980658, 0.7518602127855208, 0.2677749914545129, 0.7183225871438154, 0.9752062752326436, 0.44534002718432963, 0.8052132913222478, 0.11496661440168476, 0.5025732335611524, 0.014139563144005773, 0.8257423802903651, 0.9056525970510213, 0.4840318302116007, 0.3780533322551176, 0.5997642510979534, 0.3664497898289756, 0.2602145692702166, 0.4936657251419313, 0.2451401030480772, 0.8226873416007693, 0.35092660988278856, 0.18087649575593479, 0.7060221869321174, 0.0800773308457402, 0.7873064480978916, 0.6191238724703183, 0.8616872251002153, 0.4143738555714217, 0.5985690416274941, 0.8469505015319391, 0.6125444332398436, 0.35826123700688084, 0.11395397293470699, 0.9850250232756107, 0.9279101229471979]

Erro da solução (|Ax - b|): 6.257227472247466e-16
Erro (|Ax - b|)/|b| 1.1902661292968236e-15
Erro no vetor x: 3.681840138172924e-15

Tempo de execução: 0.0041468143463134766
