Solução x:
[0.27531945709393346, 0.7946904436897442, 0.7912253593583739, 0.08357839677595713, 0.9228450916616288, 0.3794486887961752, 0.8268592410552822, 0.13065598159954017, 0.015062661496595409, 0.9775517539992545, 0.36722123988182054, 0.0007708535201539357, 0.586690369324594, 0.18988416057104984, 0.5839887490380686, 0.16209425772605657, 0.426408333443675, 0.9889374492466618, 0.12286020874043335, 0.3618761720870056, 0.3403850717878163, 0.7077617787246933, 0.3953523657526254, 0.8440755258550686, 0.7949340385921038, 0.21794362481369944, 0.581980412176235, 0.5473277210455019, 0.2790317897281509, 0.49983974544348, 0.3055379770507022, 0.284037207861798, 0.8047511765091373, 0.9683292653148373, 0.7285518413672978, 0.9319216042779369, 0.845376010030819, 0.610112321347657, 0.4864905927237728, 0.6640832526815327, 0.17125879116939724, 0.009946887006944127, 0.07505529024621016, 0.1768480690203319, 0.05550635664377335, 0.5495735908524377, 0.6124329451082748, 0.717338459425863, 0.8838607235493144, 0.7316797324999346, 0.11168558378838601, 0.16003186230648658, 0.6683560494626268, 0.06390615111131814, 0.6796479459830247, 0.7744500087498131, 0.8113664563096721, 0.319523791236051, 0.374446871977409, 0.6846128044182309, 0.6044562754537061, 0.15582760144550567, 0.5424991828866018, 0.10287116524617657, 0.6949621471372711, 0.2612252108096689, 0.44940501329383375, 0.3156382352920216, 0.14648687582006337, 0.00690977729998965, 0.04738491851536242, 0.09827923981826492, 0.15684894994475684, 0.6556950155864258, 0.8025151356890288, 0.6304094656435268, 0.23561386871831203, 0.4941763959540513, 0.8529097651540396, 0.672709371544714, 0.7209024509006008, 0.6419033458490258, 0.06070525399937976, 0.20055385468974474, 0.27280155227121816, 0.7213653051007238, 0.6287630753281174, 0.8001591706653871, 0.9861203694598225, 0.8915343482037649, 0.7583522290929069, 0.5482402527938922, 0.3327099205923757, 0.726530902253041, 0.13954520879014887, 0.5555775622356182, 0.6356662692469408, 0.9939016870278126, 0.8992002842394569, 0.9569197806881503, 0.9636110634497255, 0.07634650928705744, 0.0328882073279142, 0.001363546647545455, 0.27322796545104455, 0.26147439950835216, 0.19687404515112183, 0.9842469822708789, 0.32453843502993707, 0.6329351503981724, 0.5367542213154004, 0.045590768506881485, 0.23515300346509505, 0.2798876354095342, 0.6606336523919809, 0.35585788317779, 0.1804782491496003, 0.5614933177543168, 0.5776129919180386, 0.6705587870305136, 0.8591458514586735, 0.5647416490566312, 0.8900899238316041, 0.3070429979620476, 0.6149928504909808, 0.6367806264777078, 0.8110136039261296, 0.6503197905832765, 0.1085005735946114, 0.25406498414734435, 0.18185064403221418, 0.8318241572839825, 0.14147777383621163, 0.1780346342042397, 0.6306652716927199, 0.8908750006530847, 0.08841432425211049, 0.06183118831794199]

X_aleatório_inicial:
[0.27531945709393346, 0.7946904436897442, 0.7912253593583739, 0.08357839677595713, 0.9228450916616288, 0.3794486887961752, 0.8268592410552822, 0.13065598159954017, 0.015062661496595409, 0.9775517539992545, 0.36722123988182054, 0.0007708535201539357, 0.586690369324594, 0.18988416057104984, 0.5839887490380686, 0.16209425772605657, 0.426408333443675, 0.9889374492466618, 0.12286020874043335, 0.3618761720870056, 0.3403850717878163, 0.7077617787246933, 0.39535236575262533, 0.8440755258550686, 0.7949340385921038, 0.21794362481369944, 0.581980412176235, 0.5473277210455019, 0.2790317897281509, 0.49983974544348, 0.3055379770507022, 0.284037207861798, 0.8047511765091373, 0.9683292653148373, 0.7285518413672978, 0.931921604277937, 0.845376010030819, 0.610112321347657, 0.4864905927237728, 0.6640832526815327, 0.17125879116939724, 0.009946887006944127, 0.07505529024621016, 0.1768480690203319, 0.05550635664377335, 0.5495735908524377, 0.6124329451082748, 0.717338459425863, 0.8838607235493144, 0.7316797324999346, 0.111685583788386, 0.16003186230648658, 0.6683560494626268, 0.06390615111131814, 0.6796479459830247, 0.7744500087498131, 0.8113664563096721, 0.319523791236051, 0.374446871977409, 0.6846128044182309, 0.6044562754537061, 0.15582760144550567, 0.5424991828866018, 0.10287116524617657, 0.6949621471372711, 0.2612252108096689, 0.44940501329383375, 0.3156382352920216, 0.14648687582006337, 0.00690977729998965, 0.04738491851536242, 0.09827923981826492, 0.15684894994475684, 0.6556950155864258, 0.8025151356890288, 0.6304094656435268, 0.23561386871831203, 0.4941763959540513, 0.8529097651540396, 0.6727093715447139, 0.7209024509006008, 0.6419033458490258, 0.06070525399937976, 0.20055385468974474, 0.27280155227121816, 0.7213653051007238, 0.6287630753281174, 0.8001591706653871, 0.9861203694598225, 0.8915343482037649, 0.7583522290929069, 0.5482402527938922, 0.3327099205923757, 0.7265309022530408, 0.13954520879014887, 0.5555775622356182, 0.6356662692469408, 0.9939016870278126, 0.8992002842394569, 0.9569197806881503, 0.9636110634497255, 0.07634650928705744, 0.0328882073279142, 0.001363546647545455, 0.27322796545104455, 0.26147439950835216, 0.19687404515112183, 0.9842469822708788, 0.32453843502993707, 0.6329351503981724, 0.5367542213154004, 0.045590768506881485, 0.23515300346509505, 0.2798876354095342, 0.6606336523919809, 0.35585788317779, 0.1804782491496003, 0.5614933177543168, 0.5776129919180385, 0.6705587870305136, 0.8591458514586735, 0.5647416490566312, 0.8900899238316041, 0.3070429979620476, 0.6149928504909808, 0.6367806264777078, 0.8110136039261296, 0.6503197905832765, 0.1085005735946114, 0.25406498414734435, 0.18185064403221418, 0.8318241572839824, 0.14147777383621163, 0.1780346342042397, 0.6306652716927199, 0.8908750006530847, 0.08841432425211049, 0.06183118831794199]

Erro da solução (|Ax - b|): 0.0
Erro (|Ax - b|)/|b| 0.0
Erro no vetor x: 2.779024842816778e-16

Tempo de execução: 0.10538816452026367
