Solução x:
[0.665774085435575, 0.7138715154813495, 0.0691108825207319, 0.09893676223209108, 0.007641179122375943, 0.7659800337643082, 0.26157830267865634, 0.04193410547024477, 0.03396085665895327, 0.8458790356518112, 0.5621520866762624, 0.5559475392697184, 0.47364525589272616, 0.8152402810441464, 0.5567023990859199, 0.7459568548350612, 0.8156617841085108, 0.17117698110520188, 0.6499203405492755, 0.6907961442589277, 0.406657910820013, 0.42408867215282325, 0.06339449700289719, 0.5385678639971574, 0.6563745062916398, 0.44314424402216, 0.9174518845971654, 0.5940134820928966, 0.9101957900890119, 0.8901420194102283, 0.720903785527032, 0.13930529898760702, 0.273918965052993, 0.18384576388430166, 0.2278723630352801, 0.16815340815735394, 0.053871344724387635, 0.5421386986920262, 0.03471291437689372, 0.196976165122923, 0.08403299893136694, 0.6234114515588777, 0.3719678929825675, 0.11975726002394868, 0.32408468799330986, 0.15976093283011156, 0.12584401163818087, 0.5829501707603688, 0.43272667769013323, 0.35261670237081993, 0.8135422267474147, 0.1745346155755131, 0.15306429562849963, 0.527444702291593, 0.13917719970596873, 0.10374008164534886, 0.2517427707582538, 0.44082707123591874, 0.9879826244402734, 0.8717751234380751, 0.7050031978246828, 0.7761114092138024, 0.7034743300870334, 0.06591849662411338, 0.5418615630800968, 0.9592639736840469, 0.905280447688231, 0.5319048758930842, 0.02820627755944482, 0.16875153250410632, 0.03904272275687915, 0.6470679113965504, 0.564582194238811, 0.669246798858731, 0.5445158463006143, 0.7841422004276386, 0.1277156865804668, 0.9848275705617249, 0.4881201406985859, 0.5261919354792517, 0.8832962652652284, 0.860171138035371, 0.33075309452504564, 0.9856950874650567, 0.6219468686316035, 0.7569375335436893, 0.425801350460449, 0.5861897636899591, 0.5948536419363187, 0.7024264670323447, 0.20217466937363668, 0.1202925057276974, 0.19382508959587816, 0.7370183404651216, 0.9341493410788547, 0.8482585528772182, 0.2334060841363734, 0.78515209764179, 0.4605663217622939, 0.5231786816106052, 0.3525537006554502, 0.2655062893579057, 0.6089681290943703, 0.9470340482072714, 0.8422046168378482, 0.3913566286052114, 0.8538811328953964, 0.6404367242824783, 0.8315183242188476, 0.09796005167738135, 0.4766281879452039, 0.02672847514009657, 0.08449946780750046, 0.6937923839120229, 0.2533525295190105, 0.6766594049318855, 0.7633143415182887, 0.2921416787934648, 0.4264413159845189, 0.13328499436111582, 0.7447826054145954, 0.3962717365096541, 0.7292204999967753, 0.41859355450369035, 0.39967348612834486, 0.4789213335916158, 0.2286771352880839, 0.10620963275102248, 0.8836455493357418, 0.02389306729243251, 0.15369282828007588, 0.9361803609629381, 0.5082304017174403, 0.74984953447205, 0.987373302136273, 0.3552575207618829, 0.13526511964345939, 0.16041014106005994, 0.3505986811494195, 0.7707419090744092, 0.4009045734042638, 0.1771371025620705, 0.47769102054503415, 0.45732250892683995, 0.1723282626722983, 0.367164489862687, 0.5906660659759503, 0.8653875364987988, 0.23219478439865618, 0.4524037655879793, 0.17158557148444076, 0.02595424729762788, 0.631959952065489, 0.5119539639867511, 0.6900330954800679, 0.8987350700308719, 0.8317069417666465, 0.3846662761388732, 0.7055721951276549, 0.7526791151070354, 0.6405773930713564, 0.1992358213857974, 0.7697933735026021, 0.39473124931496806, 0.5668659724795719, 0.42288242342072807, 0.6979901732752445, 0.16582955120421003, 0.05428739360529294, 0.5873018860171665, 0.9847783649308636, 0.8252730684269761, 0.21130657803799674, 0.8227405558323351, 0.7057457024141616, 0.29252046824244854, 0.08637947886930268, 0.23174740075995823, 0.82790638578379, 0.6175689530085593, 0.39968502138246426, 0.37343113422544444, 0.907433236797055, 0.8149910153430167, 0.05737478243338461, 0.8708888029173575, 0.7334209015194189, 0.9849916464774413, 0.14091383084835854, 0.42372616496443705, 0.1544107270086629, 0.012872013492215426, 0.24095579990955013, 0.9057005297050128, 0.2564237116104545, 0.22295307349830476, 0.412460963578124, 0.7491950854921214, 0.7278565619784104, 0.3763369769146302, 0.6263175367290081, 0.12416943505446057, 0.7133428622920687, 0.4297709168277267, 0.5385675431089696, 0.0890336589353861, 0.8230055477477418, 0.5948945367234629, 0.7355131041299345, 0.9295851882010527, 0.8749887022999748, 0.3200582120386317, 0.8694855129443643, 0.17162451852937521, 0.39652654094117595, 0.27903424896252743, 0.3307696445984755, 0.44960868581537955, 0.13247815037840308, 0.42716292692413943, 0.18468299228163593, 0.7645442417011336, 0.3462983510582968, 0.7548457777541892, 0.23818617391825514, 0.21134713777855774, 0.8618593696263274, 0.5819635662238621, 0.46499385278570443, 0.6756014889474403, 0.6893561677680805, 0.0338288548940357, 0.5380330676713072, 0.15463252527162888, 0.35759941579267635, 0.9720170104891405, 0.7193939469107875, 0.34312826273434355, 0.45959096806272776, 0.9966905566872762, 0.9005666334138651, 0.05667145157449653, 0.6142833542021664, 0.9106947604816951, 0.8741260609827453, 0.059591741584660345, 0.41214554227271405, 0.5869509756136077, 0.3891189539802919, 0.3207706332966142, 0.17599798812585632, 0.5656554692029638, 0.4616658601580538, 0.9408980930032839, 0.900950549592592, 0.8666340718340118, 0.2319251547465064, 0.5190422041363322, 0.8533255992960391, 0.5113845678229587, 0.2801310508144182, 0.5448753931238693, 0.028511763277700854, 0.6005921653870252, 0.5974556348511055, 0.8056095917252312, 0.7935919441091315, 0.2518896704638394, 0.7969675778171207, 0.639160669205347, 0.07244041416684477, 0.551474723742684, 0.9543214787602546, 0.42185102970990684, 0.8376063208153971, 0.20185684502592377, 0.48380917334904905, 0.5002656460885255, 0.2550251235316396, 0.7311308291625452, 0.0499482507438461, 0.3785562934926322, 0.843563844773508, 0.7381428395473749, 0.32262444455109, 0.17021713754725806, 0.6155396263536383, 0.5468192449236449, 0.6321626164805441, 0.26632223880611383, 0.8404972629402963, 0.12233118171966728, 0.8765441854054489, 0.433944265006884, 0.5368038832081025, 0.6879694554786497, 0.29200683779263775, 0.7438095616339305, 0.07718201215248076, 0.2350511096334118, 0.4614457055732725, 0.14546160072107356, 0.0638778570306792, 0.5161560339783031, 0.759322816539441, 0.3413075765322927, 0.464295872191729, 0.659383651012931, 0.6936797261942588, 0.9560105230210681, 0.20263713833541117, 0.9963817566887961, 0.059688908454066346, 0.31363801986650114, 0.8193298394060075, 0.7451052550138044, 0.6953983420773232, 0.7477345506580063, 0.7814062276473156, 0.07187859748907488, 0.4521889170176385, 0.0002962366025551224, 0.2685664241698706, 0.5402648135721865, 0.1059827206798569, 0.022416205463260726, 0.26879693422163575, 0.8512524653001389, 0.3517248115007717, 0.6282584266592564, 0.025101441430204895, 0.3261593754178801, 0.8662556199281901, 0.305641772062668, 0.4872318154199608, 0.6989301542497607, 0.6939660697128472, 0.2031469045608806, 0.5621083403676266, 0.2789511176040565, 0.3029970662542371, 0.7933261114591694, 0.9077257832830959, 0.7542149411034819, 0.9644273900105138, 0.5731845313984847, 0.9248222645972964, 0.7184490634640547, 0.43808945232669866, 0.18222810845172419, 0.22123208287317606, 0.23466421391916562, 0.27729730094395993, 0.4387514951619177, 0.08883951626785354, 0.7912204723596893, 0.5374339085094305, 0.7529960396592318, 0.1473494305800786, 0.7924049546479072, 0.17034101550122224, 0.7440474700561139, 0.4207707965828749, 0.9191517915995765, 0.05827353017943336, 0.9120110998688574, 0.8987518537748816, 0.46560639509451196, 0.39672608811130483, 0.17165302188417125, 0.6423261121200969, 0.4524883451423797, 0.10800009076535166, 0.7534359994165656, 0.6809826961947314, 0.12953822360341258, 0.27150434216057806, 0.08921359187730363, 0.7181807345234495, 0.8926771364084599, 0.6775448339173621, 0.6354751783878284, 0.7517239572470443, 0.7251747446969294, 0.4623192880118675, 0.379033533171794, 0.42102746216765496, 0.2505422079827791, 0.7217987604856658, 0.7956099029100199, 0.1388222835646408, 0.5666191327282499, 0.5598696986579664, 0.42699622955162214, 0.5640991408550116, 0.9206218006886996, 0.31500408824598886, 0.2917772421372853, 0.9349706837182031, 0.8441044696575346, 0.09793508568720521, 0.9143299723186222, 0.09286474715805579, 0.2822832507249657, 0.18124830054540797, 0.4516824862738701, 0.9958935436491568, 0.9379737177669659, 0.4832250770488106, 0.08690483621848928, 0.6106447614574757, 0.14148116171590436, 0.5577544705513908, 0.12130284801575714, 0.18352166651977575, 0.7125531203318676, 0.14904131821088704, 0.4019026127789383, 0.7580778050541406, 0.605000929247499, 0.13790939130736207, 0.8791779275967679, 0.22247246978997454, 0.10276272882457059, 0.7553270278578069, 0.8298658600866546, 0.818676049096892, 0.3956111816728795, 0.5500628001615164, 0.18530423186387351, 0.30321609045307724, 0.8750706146970938, 0.5693785749898761, 0.05663080708505372, 0.4194520561010254, 0.2086252879246297, 0.3513559459592339, 0.7870456547272325, 0.9817445078098052, 0.30855378563391717, 0.9504293491088922, 0.44458094072326465, 0.26602361981688355, 0.4173833680495164, 0.05708184034448658, 0.12050376364314085, 0.5901852646823504, 0.7005237077432159, 0.1763420576014647, 0.7372544284085066, 0.8041476171615618, 0.7588407168036823, 0.7814208852542169, 0.7983194869852636, 0.38133611692073144, 0.2871102290038198, 0.02691496493493397, 0.5550264778179342, 0.029872794912885747, 0.15364965623466317, 0.9580841662159101, 0.4989479700130002, 0.19083779288148894, 0.08242411054828788, 0.5110660050688198, 0.3967262999568568, 0.48704337475756854, 0.14888383517775183, 0.5816038476146442, 0.4837322125029323, 0.6795911143326905, 0.41533677856485035, 0.7012847456123004, 0.9297859644183403, 0.888457864987034, 0.15517577383792325, 0.9039523104374572, 0.09766787341994129, 0.06195119082332813, 0.12599519355873498, 0.6576732106922271, 0.8424834889031876, 0.8901736314312436, 0.9028984158603531, 0.9376226752349515, 0.2031070495458322, 0.9453541228462193, 0.2138697902196731, 0.6834316395408577, 0.4225481307576539, 0.4767528793588433, 0.5388517898690709, 0.19245281175434698, 0.26125369526926057, 0.8047273560042526, 0.6351198065050335, 0.3645701672177774, 0.19292421320162503, 0.07271920053365796, 0.9034291727907896, 0.4033451361700478, 0.24957646454665, 0.2052961704900998, 0.35043258066281563, 0.30473013936456944, 0.6771129369519033, 0.9939117029841198, 0.551555745195207, 0.9092495746544628, 0.9102056563185328, 0.6886478740344705, 0.1497189336609966, 0.5811612617803918, 0.2389169027241628, 0.9913685581653653, 0.7646528298089644, 0.8677494330874661, 0.9345950724738354, 0.06587131780850225, 0.8285274941650856, 0.9373402647949501, 0.9067463451688719, 0.11063154002867899, 0.6626832766495494, 0.7508468623467804, 0.29134338860361897, 0.023529049140399577, 0.0917723490954402, 0.11884194847982794, 0.5881777649613497, 0.7727588096994475, 0.6248284869739754, 0.296591075877081, 0.34159800564787784, 0.29543405900185143, 0.1785519168948223, 0.5713779315175633, 0.6418335870216882, 0.20411400360731968, 0.047271821351456425, 0.7113526073341703, 0.676185549660584, 0.6582475821021072, 0.6482796234955729, 0.059661947156920775, 0.9546394572364333, 0.2645826003580246, 0.8556873834755442, 0.0944372190660422, 0.5501113591798062, 0.47615307652144984, 0.1887422880824765, 0.00777731948205062, 0.6112740512154381, 0.6008199604389926, 0.28926168044035194, 0.14819021835104856, 0.04174407386540312, 0.7612435336052702, 0.3135039487830031, 0.18807342622908169, 0.447718881695176, 0.5732883664096261, 0.7300226424749174, 0.26475994482257015, 0.7020757760584106, 0.23946372406060987, 0.5400001994433591, 0.6799886261519786, 0.2424776415791274, 0.44358103674374383, 0.32617912476895844, 0.45822116174272065, 0.8639905758218656, 0.4797670391345764, 0.6720279581587519, 0.17093478580146257, 0.3917257602257701, 0.5947095503606153, 0.997014480392043, 0.0995177518715956, 0.017410838120843992, 0.184768555066159, 0.9902239646820276, 0.059369827151746636, 0.2474486279396153, 0.3197870548825209, 0.2821100591419048, 0.1308645836354504, 0.08443398772689263, 0.18874745784196728, 0.42786789903812644, 0.940947060730698, 0.7569995144179861, 0.022294699463641526, 0.48848350979847754, 0.30048263670206127, 0.15106913305657146, 0.6046692799166953, 0.22747182257546814, 0.42750252370934605, 0.15568216444688676, 0.24829179688275677, 0.7763495205421612, 0.14977700102474953, 0.33966416186383486, 0.6631289384912586, 0.772431077101072, 0.15234241230463214, 0.31717681531288067, 0.3026064074998941, 0.870274437641619, 0.6029694521071107, 0.6204021071054586, 0.10850118404316875, 0.3443715561879828, 0.9471137830369498, 0.9372971399308884, 0.9139069341201446, 0.9754568790419, 0.3826197626004216, 0.1497837539600432, 0.6833192561020367, 0.13229015678532036, 0.4582778681919521, 0.8479977582260957, 0.2087154866503681, 0.06983911218625491, 0.570801476028833, 0.7209495260740846, 0.8377581149476335, 0.7370044399632513, 0.4542326950429292, 0.18800050055453646, 0.198178806214011, 0.558816988769252, 0.12885672564460854, 0.2111295104403078, 0.7366397366286498, 0.881220525816032, 0.6571925640363405, 0.8305081293361471, 0.12410108582135787, 0.5358485259318821, 0.19462279008337882, 0.5061807536255697, 0.5242522565288579, 0.2689112326911088, 0.041977557460218175, 0.8338862991313497, 0.8682379841520329, 0.3926057951107888, 0.43547717909893674, 0.3656991432986921, 0.6883060102084422, 0.9448399105263211, 0.7917038395016154, 0.16182562395363084, 0.7778080983094428, 0.11854650159041014, 0.8227857486142071, 0.7728330621998325, 0.3959537460022081, 0.7323620203227654, 0.8844588041863033, 0.18822357653671892, 0.6945651165207195, 0.9720171770443123, 0.4843455832870373, 0.18947745263740576, 0.3321372678223643, 0.8454179769865166, 0.23372759221511122, 0.032750038437972806, 0.18055716178586168, 0.7952229177007667, 0.5757754000042865, 0.7492300938075889, 0.8108575011278636, 0.6061623271212591, 0.35118662900273667, 0.42176308011481484, 0.32940634757495546, 0.2379553571278711, 0.3523103281350079, 0.7272710713904568, 0.1597177275337858, 0.5492635907851153, 0.17211306302757523, 0.4532455927875412, 0.5465918963634463, 0.14774942949377368, 0.034344361919018164, 0.03968259590952881, 0.8069417908664139, 0.05549399831571, 0.5957844033751042, 0.532512217543374, 0.566132031042561, 0.14741876575099444, 0.8557641180820302, 0.11122188480864646, 0.8716774206854953, 0.742191855166135, 0.4185838224291375, 0.39273145737082976, 0.7522380731429061, 0.4679120675383919, 0.43773888375958075, 0.36497190943877444, 0.8257475656411752, 0.7668199404743565, 0.9794184714373846, 0.7577259608848499, 0.49266727276807476, 0.6897485302734825, 0.6285474436858336, 0.8272982068945657, 0.6741445349497095, 0.10708990440058637, 0.643784744624482, 0.11364421258778339, 0.8402233281792453, 0.025922087066446692, 0.4124862712134236, 0.8644836830640321, 0.995155924736945, 0.2285094711335199, 0.5555063342574725, 0.825794983220336, 0.4756478188686984, 0.4016840345023256, 0.7957755708969168, 0.1562846962358969, 0.06050165319770689, 0.9942354146515175, 0.4789820841942115, 0.5671246263304822, 0.6539217641844243, 0.4115973030708837, 0.3062934966264075, 0.7973114989984939, 0.3746569201039488, 0.33462131911589255, 0.14179171522562298, 0.858791796219907, 0.7846304141386584, 0.35160342643619846, 0.08165380762426776, 0.7242865586347904, 0.6981767907984912, 0.38387535034563786, 0.4372606459619791, 0.7709173027486652, 0.332641670155096, 0.23255128984736315, 0.2619055975168344, 0.6347974138554746, 0.11904467880587061, 0.6924688502167002, 0.4270290833189397, 0.6778451012497709, 0.6804753463602616, 0.622263232985413, 0.9306795764143586, 0.2103460052743638, 0.555266868295049, 0.14180239698911182, 0.9635528410442742, 0.4844014045704226, 0.8115911779978618, 0.11079496952062591, 0.051915723103383736, 0.7614341300682733, 0.1375739912148899, 0.7525885979250255, 0.6087189253925793, 0.25306969258762574, 0.5138039995727438, 0.89044405556503, 0.17634717458285634, 0.3911396865246017, 0.5008332513105292, 0.6177037950844878, 0.060514656583146344, 0.6489875100309064, 0.69918656381191, 0.14572713531895254, 0.326239583851314, 0.12219498814457969, 0.5298370857526442, 0.46257770696858636, 0.32323850659169984, 0.6176618384908853, 0.7982633241618109, 0.8831052154879626, 0.5400337756053466, 0.051401231232985074, 0.18598656167459335, 0.5700407832304816, 0.3587490212536789, 0.5894176203929169, 0.7374261715305283, 0.4123629069634918, 0.934335367516073, 0.3121714610231324, 0.9925242529160375, 0.4775379390895358, 0.11244421781259592, 0.8475388585932199, 0.059774610078223524, 0.014639921240755291, 0.33054446851695013, 0.9448569133752492, 0.8175562026038555, 0.5750114454544846, 0.43862218757030574, 0.4712057563402853, 0.4896675577998145, 0.7955658773199816, 0.07696260460662657, 0.9350331965827186, 0.5520373223302311, 0.4004460273131506, 0.24452366144987703, 0.2209522215066973, 0.2733656747160716, 0.9958887824321646, 0.14189759984315034, 0.2140814293209493, 0.7020614418645842, 0.5229729788180477, 0.4454834948787936, 0.13901329157591497, 0.8090871146309864, 0.579917435720727, 0.2759784518326105, 0.3284405469300204, 0.20213864414738816, 0.9654221075558415, 0.6376696549242643, 0.26282040182212185, 0.8586642586034643, 0.5875411341171952, 0.48676429344194777, 0.08211855348469226, 0.41297601585197974, 0.4710184877107919, 0.7875507507278754, 0.7722302537930912, 0.7482808641226333, 0.4794320055762705, 0.8998603177185145, 0.09266348138593639, 0.24112931306595675, 0.1480676206176008, 0.1478716411153963, 0.020764577901317607, 0.29832072523719566, 0.36133728951195737, 0.806902276421934, 0.9094399839962402, 0.8587519494987783, 0.0933749720589995, 0.7835531602491028, 0.515629784490422, 0.46253311239819583, 0.1997122781085809, 0.6444356550280467, 0.6545088392789505, 0.3396977345647097, 0.2676746588640983, 0.10512872325120143, 0.0253962199691727, 0.8293497066843287, 0.6104174235299461, 0.5622710845958521, 0.027486121421108383, 0.011901832653283519, 0.8880092943988318, 0.9226781033679284, 0.7014381074034459, 0.41495476208456233, 0.7058211398113334, 0.4904536113590089, 0.7585686078382501, 0.8700508253443671, 0.252008075957015, 0.8270172235840227, 0.47911102371509245, 0.49587274317958274, 0.4547545549846244, 0.5897793566772832, 0.1988329070493065, 0.13447415889960024, 0.26442786027207243, 0.38068833312881306, 0.5831467791619807, 0.378911938597602, 0.0892967854438623]

X_aleatório_inicial:
[0.6657740854355751, 0.7138715154813496, 0.06911088252073194, 0.09893676223209114, 0.007641179122375941, 0.7659800337643083, 0.26157830267865645, 0.0419341054702449, 0.03396085665895354, 0.8458790356518117, 0.5621520866762628, 0.5559475392697187, 0.47364525589272655, 0.8152402810441467, 0.5567023990859202, 0.7459568548350616, 0.8156617841085113, 0.1711769811052022, 0.6499203405492758, 0.690796144258928, 0.40665791082001335, 0.4240886721528234, 0.06339449700289734, 0.5385678639971576, 0.6563745062916401, 0.44314424402216035, 0.9174518845971658, 0.5940134820928968, 0.9101957900890121, 0.8901420194102286, 0.7209037855270323, 0.13930529898760702, 0.27391896505299307, 0.18384576388430174, 0.22787236303528025, 0.16815340815735402, 0.053871344724387704, 0.5421386986920265, 0.034712914376894055, 0.19697616512292349, 0.08403299893136751, 0.6234114515588781, 0.37196789298256794, 0.11975726002394915, 0.32408468799331025, 0.15976093283011195, 0.12584401163818137, 0.5829501707603693, 0.4327266776901336, 0.3526167023708202, 0.8135422267474149, 0.1745346155755133, 0.15306429562849977, 0.5274447022915931, 0.13917719970596898, 0.1037400816453492, 0.251742770758254, 0.440827071235919, 0.9879826244402738, 0.8717751234380753, 0.705003197824683, 0.7761114092138026, 0.7034743300870335, 0.06591849662411353, 0.5418615630800969, 0.9592639736840475, 0.9052804476882312, 0.5319048758930844, 0.02820627755944516, 0.1687515325041068, 0.0390427227568797, 0.6470679113965508, 0.5645821942388115, 0.6692467988587313, 0.5445158463006147, 0.7841422004276392, 0.1277156865804674, 0.9848275705617253, 0.48812014069858634, 0.5261919354792521, 0.8832962652652289, 0.860171138035371, 0.33075309452504553, 0.9856950874650569, 0.6219468686316036, 0.7569375335436898, 0.4258013504604492, 0.5861897636899595, 0.5948536419363191, 0.7024264670323448, 0.20217466937363682, 0.12029250572769756, 0.1938250895958784, 0.7370183404651217, 0.9341493410788551, 0.8482585528772184, 0.23340608413637387, 0.7851520976417903, 0.4605663217622943, 0.5231786816106057, 0.35255370065545066, 0.2655062893579062, 0.6089681290943707, 0.9470340482072719, 0.8422046168378486, 0.3913566286052118, 0.8538811328953969, 0.6404367242824788, 0.8315183242188481, 0.09796005167738175, 0.47662818794520423, 0.026728475140096686, 0.0844994678075005, 0.6937923839120228, 0.25335252951901055, 0.6766594049318856, 0.7633143415182889, 0.2921416787934651, 0.42644131598451906, 0.13328499436111585, 0.7447826054145954, 0.39627173650965397, 0.7292204999967754, 0.4185935545036905, 0.3996734861283452, 0.47892133359161626, 0.2286771352880843, 0.10620963275102291, 0.8836455493357425, 0.023893067292433012, 0.15369282828007647, 0.9361803609629386, 0.5082304017174408, 0.7498495344720504, 0.9873733021362731, 0.3552575207618832, 0.13526511964345966, 0.16041014106006024, 0.35059868114941983, 0.7707419090744096, 0.400904573404264, 0.1771371025620706, 0.4776910205450342, 0.4573225089268401, 0.1723282626722984, 0.367164489862687, 0.5906660659759504, 0.865387536498799, 0.23219478439865626, 0.45240376558797935, 0.17158557148444065, 0.025954247297627853, 0.6319599520654892, 0.5119539639867514, 0.6900330954800682, 0.8987350700308724, 0.831706941766647, 0.3846662761388736, 0.7055721951276553, 0.752679115107036, 0.640577393071357, 0.19923582138579798, 0.7697933735026026, 0.3947312493149684, 0.5668659724795723, 0.42288242342072824, 0.6979901732752446, 0.16582955120421017, 0.05428739360529322, 0.5873018860171667, 0.9847783649308639, 0.825273068426976, 0.2113065780379968, 0.8227405558323351, 0.7057457024141615, 0.2925204682424484, 0.08637947886930242, 0.23174740075995826, 0.82790638578379, 0.6175689530085592, 0.3996850213824642, 0.3734311342254443, 0.9074332367970552, 0.814991015343017, 0.057374782433384786, 0.8708888029173577, 0.7334209015194191, 0.9849916464774414, 0.14091383084835885, 0.4237261649644374, 0.15441072700866343, 0.012872013492215895, 0.2409557999095504, 0.905700529705013, 0.25642371161045474, 0.22295307349830495, 0.4124609635781241, 0.7491950854921214, 0.7278565619784104, 0.3763369769146303, 0.6263175367290083, 0.12416943505446054, 0.7133428622920687, 0.4297709168277266, 0.5385675431089695, 0.08903365893538595, 0.8230055477477415, 0.5948945367234628, 0.7355131041299343, 0.9295851882010528, 0.8749887022999747, 0.3200582120386315, 0.8694855129443644, 0.17162451852937533, 0.39652654094117623, 0.2790342489625277, 0.3307696445984756, 0.4496086858153796, 0.13247815037840316, 0.4271629269241397, 0.18468299228163632, 0.764544241701134, 0.3462983510582971, 0.7548457777541894, 0.23818617391825525, 0.21134713777855785, 0.8618593696263274, 0.581963566223862, 0.4649938527857045, 0.6756014889474404, 0.6893561677680806, 0.033828854894035754, 0.538033067671307, 0.15463252527162874, 0.3575994157926763, 0.9720170104891404, 0.7193939469107874, 0.34312826273434327, 0.4595909680627277, 0.9966905566872762, 0.900566633413865, 0.05667145157449627, 0.6142833542021663, 0.9106947604816952, 0.8741260609827454, 0.059591741584660296, 0.41214554227271416, 0.5869509756136077, 0.38911895398029206, 0.32077063329661426, 0.17599798812585654, 0.5656554692029642, 0.4616658601580539, 0.9408980930032839, 0.9009505495925921, 0.8666340718340119, 0.23192515474650632, 0.5190422041363322, 0.8533255992960391, 0.5113845678229587, 0.28013105081441836, 0.5448753931238693, 0.028511763277700775, 0.6005921653870252, 0.5974556348511056, 0.8056095917252313, 0.7935919441091315, 0.25188967046383925, 0.7969675778171206, 0.639160669205347, 0.07244041416684466, 0.5514747237426839, 0.9543214787602543, 0.42185102970990684, 0.8376063208153973, 0.20185684502592383, 0.48380917334904905, 0.5002656460885256, 0.25502512353163975, 0.7311308291625451, 0.04994825074384612, 0.3785562934926324, 0.8435638447735082, 0.7381428395473751, 0.3226244445510902, 0.1702171375472581, 0.6155396263536385, 0.5468192449236449, 0.6321626164805441, 0.26632223880611383, 0.8404972629402964, 0.12233118171966739, 0.876544185405449, 0.4339442650068841, 0.5368038832081027, 0.6879694554786501, 0.29200683779263803, 0.7438095616339305, 0.07718201215248077, 0.2350511096334118, 0.46144570557327236, 0.14546160072107317, 0.06387785703067883, 0.5161560339783029, 0.7593228165394408, 0.3413075765322926, 0.46429587219172896, 0.6593836510129311, 0.6936797261942587, 0.9560105230210684, 0.2026371383354113, 0.996381756688796, 0.05968890845406649, 0.3136380198665014, 0.8193298394060077, 0.7451052550138046, 0.6953983420773232, 0.7477345506580062, 0.7814062276473155, 0.07187859748907488, 0.45218891701763864, 0.0002962366025552887, 0.26856642416987075, 0.5402648135721867, 0.10598272067985715, 0.022416205463261063, 0.26879693422163586, 0.8512524653001389, 0.3517248115007716, 0.6282584266592562, 0.025101441430204763, 0.32615937541787976, 0.8662556199281897, 0.3056417720626675, 0.4872318154199605, 0.6989301542497605, 0.6939660697128471, 0.20314690456088058, 0.5621083403676265, 0.27895111760405644, 0.30299706625423717, 0.7933261114591698, 0.907725783283096, 0.7542149411034819, 0.9644273900105138, 0.5731845313984848, 0.9248222645972963, 0.7184490634640545, 0.4380894523266987, 0.18222810845172432, 0.2212320828731762, 0.2346642139191658, 0.2772973009439601, 0.438751495161918, 0.08883951626785369, 0.7912204723596895, 0.5374339085094307, 0.7529960396592317, 0.14734943058007854, 0.7924049546479073, 0.17034101550122205, 0.7440474700561136, 0.4207707965828743, 0.9191517915995758, 0.05827353017943282, 0.912011099868857, 0.8987518537748816, 0.46560639509451185, 0.3967260881113047, 0.1716530218841711, 0.6423261121200968, 0.4524883451423798, 0.10800009076535177, 0.7534359994165658, 0.6809826961947317, 0.12953822360341283, 0.27150434216057817, 0.08921359187730371, 0.7181807345234499, 0.8926771364084598, 0.6775448339173624, 0.6354751783878286, 0.7517239572470444, 0.7251747446969298, 0.4623192880118677, 0.3790335331717941, 0.42102746216765485, 0.25054220798277904, 0.7217987604856659, 0.7956099029100198, 0.13882228356464055, 0.5666191327282495, 0.5598696986579658, 0.4269962295516214, 0.5640991408550108, 0.9206218006886988, 0.31500408824598847, 0.2917772421372852, 0.934970683718203, 0.8441044696575345, 0.09793508568720533, 0.9143299723186223, 0.09286474715805604, 0.28228325072496596, 0.1812483005454083, 0.45168248627387053, 0.9958935436491572, 0.9379737177669664, 0.4832250770488109, 0.08690483621848955, 0.610644761457476, 0.14148116171590475, 0.5577544705513912, 0.12130284801575753, 0.18352166651977597, 0.7125531203318678, 0.14904131821088706, 0.40190261277893835, 0.7580778050541407, 0.6050009292474992, 0.1379093913073618, 0.8791779275967673, 0.22247246978997404, 0.10276272882456994, 0.7553270278578059, 0.8298658600866539, 0.8186760490968914, 0.39561118167287923, 0.5500628001615162, 0.18530423186387357, 0.3032160904530774, 0.875070614697094, 0.5693785749898764, 0.05663080708505397, 0.41945205610102576, 0.2086252879246301, 0.35135594595923425, 0.787045654727233, 0.9817445078098057, 0.30855378563391755, 0.9504293491088925, 0.44458094072326493, 0.26602361981688394, 0.4173833680495167, 0.057081840344486934, 0.12050376364314108, 0.5901852646823506, 0.7005237077432162, 0.17634205760146482, 0.7372544284085067, 0.8041476171615614, 0.7588407168036818, 0.7814208852542164, 0.7983194869852629, 0.38133611692073066, 0.287110229003819, 0.026914964934933283, 0.555026477817934, 0.029872794912885636, 0.1536496562346632, 0.9580841662159104, 0.4989479700130004, 0.19083779288148917, 0.08242411054828813, 0.5110660050688202, 0.39672629995685715, 0.487043374757569, 0.14888383517775217, 0.5816038476146447, 0.48373221250293263, 0.6795911143326908, 0.41533677856485063, 0.7012847456123006, 0.9297859644183407, 0.8884578649870344, 0.1551757738379237, 0.9039523104374574, 0.09766787341994154, 0.06195119082332834, 0.12599519355873512, 0.657673210692227, 0.8424834889031871, 0.8901736314312432, 0.9028984158603525, 0.9376226752349507, 0.20310704954583136, 0.9453541228462188, 0.21386979021967278, 0.6834316395408577, 0.42254813075765396, 0.4767528793588435, 0.5388517898690711, 0.19245281175434725, 0.2612536952692609, 0.8047273560042532, 0.6351198065050339, 0.3645701672177778, 0.19292421320162545, 0.07271920053365832, 0.9034291727907902, 0.4033451361700482, 0.2495764645466504, 0.20529617049010007, 0.3504325806628159, 0.3047301393645697, 0.6771129369519036, 0.9939117029841202, 0.5515557451952071, 0.9092495746544632, 0.9102056563185331, 0.6886478740344705, 0.14971893366099642, 0.5811612617803915, 0.23891690272416233, 0.9913685581653646, 0.764652829808964, 0.8677494330874654, 0.9345950724738352, 0.06587131780850208, 0.8285274941650855, 0.9373402647949504, 0.9067463451688723, 0.11063154002867936, 0.66268327664955, 0.7508468623467808, 0.2913433886036194, 0.023529049140399994, 0.09177234909544052, 0.11884194847982821, 0.58817776496135, 0.772758809699448, 0.6248284869739756, 0.2965910758770812, 0.341598005647878, 0.2954340590018516, 0.17855191689482253, 0.5713779315175634, 0.6418335870216885, 0.20411400360732002, 0.04727182135145669, 0.7113526073341702, 0.6761855496605839, 0.6582475821021067, 0.6482796234955722, 0.05966194715692019, 0.9546394572364325, 0.26458260035802417, 0.8556873834755435, 0.09443721906604197, 0.5501113591798064, 0.4761530765214501, 0.18874228808247695, 0.0077773194820511815, 0.6112740512154387, 0.600819960438993, 0.2892616804403524, 0.14819021835104895, 0.041744073865403464, 0.7612435336052704, 0.31350394878300336, 0.18807342622908196, 0.44771888169517626, 0.5732883664096262, 0.7300226424749172, 0.26475994482257015, 0.7020757760584108, 0.2394637240606099, 0.5400001994433591, 0.6799886261519787, 0.24247764157912743, 0.4435810367437437, 0.32617912476895816, 0.4582211617427202, 0.8639905758218647, 0.47976703913457563, 0.6720279581587513, 0.17093478580146204, 0.39172576022576977, 0.5947095503606152, 0.9970144803920433, 0.09951775187159595, 0.01741083812084454, 0.18476855506615952, 0.9902239646820284, 0.05936982715174721, 0.24744862793961575, 0.31978705488252135, 0.2821100591419051, 0.13086458363545073, 0.08443398772689303, 0.18874745784196756, 0.4278678990381266, 0.9409470607306978, 0.756999514417986, 0.022294699463641376, 0.48848350979847754, 0.30048263670206143, 0.15106913305657155, 0.6046692799166952, 0.22747182257546805, 0.42750252370934594, 0.15568216444688665, 0.2482917968827565, 0.7763495205421608, 0.149777001024749, 0.3396641618638343, 0.6631289384912583, 0.7724310771010715, 0.15234241230463197, 0.3171768153128808, 0.3026064074998943, 0.8702744376416195, 0.6029694521071114, 0.6204021071054594, 0.10850118404316944, 0.34437155618798343, 0.9471137830369503, 0.9372971399308886, 0.9139069341201447, 0.9754568790419003, 0.38261976260042185, 0.1497837539600434, 0.6833192561020366, 0.1322901567853203, 0.45827786819195215, 0.847997758226096, 0.20871548665036832, 0.06983911218625505, 0.5708014760288329, 0.7209495260740845, 0.8377581149476334, 0.7370044399632512, 0.45423269504292896, 0.1880005005545362, 0.19817880621401063, 0.5588169887692518, 0.12885672564460804, 0.21112951044030748, 0.7366397366286496, 0.8812205258160319, 0.6571925640363409, 0.8305081293361476, 0.12410108582135837, 0.5358485259318827, 0.19462279008337946, 0.5061807536255702, 0.5242522565288583, 0.2689112326911093, 0.041977557460218806, 0.83388629913135, 0.8682379841520335, 0.39260579511078897, 0.4354771790989369, 0.36569914329869224, 0.6883060102084425, 0.9448399105263214, 0.7917038395016157, 0.1618256239536311, 0.7778080983094428, 0.11854650159041014, 0.8227857486142071, 0.7728330621998324, 0.3959537460022081, 0.7323620203227654, 0.8844588041863032, 0.18822357653671873, 0.6945651165207193, 0.972017177044312, 0.48434558328703703, 0.1894774526374059, 0.3321372678223645, 0.8454179769865169, 0.23372759221511163, 0.032750038437973306, 0.18055716178586223, 0.795222917700767, 0.5757754000042868, 0.7492300938075893, 0.8108575011278638, 0.6061623271212593, 0.3511866290027369, 0.4217630801148152, 0.3294063475749558, 0.23795535712787141, 0.3523103281350082, 0.7272710713904572, 0.1597177275337861, 0.5492635907851154, 0.17211306302757534, 0.4532455927875412, 0.5465918963634463, 0.14774942949377345, 0.03434436191901802, 0.03968259590952872, 0.8069417908664139, 0.05549399831570967, 0.5957844033751039, 0.5325122175433736, 0.5661320310425608, 0.14741876575099444, 0.8557641180820305, 0.11122188480864681, 0.8716774206854957, 0.7421918551661356, 0.41858382242913794, 0.39273145737083004, 0.7522380731429065, 0.4679120675383921, 0.43773888375958103, 0.3649719094387749, 0.8257475656411758, 0.7668199404743568, 0.9794184714373849, 0.7577259608848504, 0.4926672727680751, 0.6897485302734826, 0.6285474436858337, 0.8272982068945657, 0.6741445349497096, 0.10708990440058641, 0.6437847446244821, 0.11364421258778323, 0.840223328179245, 0.025922087066446498, 0.4124862712134235, 0.864483683064032, 0.9951559247369447, 0.22850947113351971, 0.5555063342574725, 0.8257949832203361, 0.47564781886869867, 0.4016840345023259, 0.7957755708969171, 0.15628469623589736, 0.060501653197707284, 0.9942354146515178, 0.47898208419421173, 0.5671246263304826, 0.6539217641844245, 0.41159730307088394, 0.3062934966264077, 0.7973114989984941, 0.37465692010394913, 0.3346213191158929, 0.14179171522562328, 0.8587917962199072, 0.7846304141386583, 0.35160342643619846, 0.08165380762426777, 0.7242865586347905, 0.6981767907984913, 0.3838753503456378, 0.4372606459619789, 0.7709173027486651, 0.3326416701550957, 0.23255128984736295, 0.26190559751683407, 0.6347974138554745, 0.11904467880587066, 0.6924688502167003, 0.42702908331893985, 0.677845101249771, 0.6804753463602617, 0.6222632329854133, 0.9306795764143589, 0.21034600527436398, 0.5552668682950491, 0.1418023969891119, 0.9635528410442746, 0.4844014045704226, 0.8115911779978618, 0.11079496952062617, 0.05191572310338399, 0.7614341300682734, 0.1375739912148899, 0.7525885979250255, 0.6087189253925793, 0.25306969258762557, 0.5138039995727437, 0.8904440555650301, 0.17634717458285631, 0.3911396865246016, 0.500833251310529, 0.6177037950844875, 0.06051465658314603, 0.648987510030906, 0.6991865638119098, 0.14572713531895232, 0.326239583851314, 0.12219498814457963, 0.5298370857526442, 0.46257770696858636, 0.32323850659169995, 0.6176618384908853, 0.7982633241618111, 0.8831052154879626, 0.5400337756053466, 0.05140123123298512, 0.18598656167459338, 0.5700407832304816, 0.3587490212536789, 0.5894176203929169, 0.7374261715305281, 0.41236290696349187, 0.9343353675160729, 0.3121714610231323, 0.9925242529160372, 0.4775379390895357, 0.11244421781259584, 0.8475388585932198, 0.05977461007822349, 0.014639921240755305, 0.33054446851694985, 0.9448569133752487, 0.8175562026038554, 0.5750114454544845, 0.43862218757030547, 0.47120575634028505, 0.4896675577998144, 0.7955658773199817, 0.07696260460662674, 0.9350331965827187, 0.5520373223302311, 0.4004460273131507, 0.24452366144987703, 0.22095222150669724, 0.27336567471607165, 0.9958887824321645, 0.14189759984315042, 0.2140814293209493, 0.7020614418645842, 0.5229729788180478, 0.4454834948787936, 0.1390132915759148, 0.8090871146309861, 0.5799174357207267, 0.27597845183261027, 0.3284405469300202, 0.20213864414738814, 0.9654221075558417, 0.6376696549242643, 0.26282040182212185, 0.8586642586034645, 0.587541134117195, 0.4867642934419475, 0.0821185534846921, 0.4129760158519796, 0.4710184877107918, 0.7875507507278753, 0.7722302537930913, 0.7482808641226334, 0.4794320055762704, 0.8998603177185145, 0.09266348138593639, 0.24112931306595675, 0.1480676206176007, 0.1478716411153963, 0.020764577901317582, 0.29832072523719577, 0.3613372895119573, 0.806902276421934, 0.9094399839962402, 0.8587519494987784, 0.09337497205899958, 0.7835531602491026, 0.5156297844904216, 0.4625331123981957, 0.19971227810858072, 0.6444356550280467, 0.6545088392789508, 0.33969773456470964, 0.26767465886409836, 0.10512872325120148, 0.025396219969172518, 0.8293497066843285, 0.610417423529946, 0.562271084595852, 0.0274861214211084, 0.011901832653283595, 0.8880092943988319, 0.9226781033679287, 0.7014381074034459, 0.4149547620845623, 0.7058211398113333, 0.4904536113590088, 0.75856860783825, 0.8700508253443672, 0.252008075957015, 0.8270172235840226, 0.4791110237150924, 0.49587274317958274, 0.45475455498462447, 0.5897793566772833, 0.19883290704930656, 0.13447415889960024, 0.2644278602720723, 0.3806883331288129, 0.5831467791619805, 0.37891193859760197, 0.08929678544386233]

Erro da solução (|Ax - b|): 2.3143366599609646e-14
Erro (|Ax - b|)/|b| 3.077494508129664e-16
Erro no vetor x: 8.877971478925537e-15

Tempo de execução: 14.501373767852783
