Solução x:
[0.09693520206010649, 0.49151327497507163, 0.47776867203278384, 0.5144119020482911, 0.8299871032247204, 0.9830573862198716, 0.8664235967728756, 0.7813175021140438, 0.6614913323769559, 0.04921295097664716, 0.6768799638011489, 0.7814950278513475, 0.6415285718882906, 0.19960645736468705, 0.6540707107615661, 0.0416385223258866, 0.7941907980765093, 0.04025796087832258, 0.9194772735264035, 0.6861706596048986, 0.8437494359160785, 0.3370571792927973, 0.47111805022913306, 0.08988502058776372, 0.09351879344100851, 0.5483515985982694, 0.2931526432361474, 0.6149731109523009, 0.784769380732653, 0.2506285687008343, 0.33560983654631, 0.6974634489287969, 0.8999449489285379, 0.3269511915424536, 0.2875618816039297, 0.7195799810386705, 0.06649087599659066, 0.8100537638105488, 0.44541971544962317, 0.15396630207472584, 0.9120407430087444, 0.8807118141608453, 0.8453584643113119, 0.17769778963369537, 0.6717854878661448, 0.15361114191748665, 0.9131907404361249, 0.18167671230069962, 0.015036414057995886, 0.5025042083756255, 0.7182672409338817, 0.8503439765789602, 0.2756788357962184, 0.6202209334411878, 0.5061791200994513, 0.6766866886360671, 0.334576689117838, 0.25265072715515385, 0.9673431875352841, 0.22881565675685434, 0.39042828984803857, 0.03712033671978895, 0.4059116666044683, 0.8272648768216091, 0.46270704526284345, 0.2502178683797787, 0.8460619095215337, 0.14547708093603656, 0.5683215030812644, 0.2246283820658198, 0.3291329248223177, 0.6018625791161858, 0.5735052194147197, 0.6523679934543686, 0.9477292216747062, 0.8755848120936104, 0.3361750142007053, 0.09511696034224464, 0.5835897555352138, 0.26527173331169623, 0.5283715841804604, 0.886238074126062, 0.7309198461554581, 0.64727665715063, 0.3484333895974092, 0.0022297739889700057, 0.36029321106574336, 0.8688269059813039, 0.2768961496015032, 0.5297371100279302, 0.22580987872131417, 0.007983377055365613, 0.8076266038691804, 0.7738646223345783, 0.762689264885526, 0.8679272501900146, 0.9553622781358214, 0.573482374296303, 0.11257847327670326, 0.3961035001080038, 0.922893461104577, 0.7034303390119465, 0.5084935947706964, 0.020736302484127903, 0.4995444763663396, 0.6846159134899279, 0.28778459162573383, 0.09360096291712953, 0.05620278737280292, 0.2497077332796441, 0.08280320799043042, 0.6438559964320195, 0.25188558170286046, 0.7683655732970276, 0.016946087407288635, 0.8513519335017932, 0.7897709987043949, 0.8072510070545612, 0.7599366612918087, 0.7764532140233309, 0.688025286999613, 0.6895841082646612, 0.24184534579305558, 0.3771235652683977, 0.4888802563944351, 0.15565475406579227, 0.34807723700216503, 0.5500405994535634, 0.7823282674650411, 0.7290956824464697, 0.6704160322133771, 0.5544344208025953, 0.6713558673112308, 0.29784263235337105, 0.16318726691138719, 0.23889791784989664, 0.7974069544620583, 0.392883464661414, 0.8408516337926965, 0.11558695180192902, 0.9853868386965637, 0.47110252103713063, 0.5803926644171422, 0.5242225018937695, 0.03908690312103633, 0.8505313034382684, 0.23956929645297081, 0.14352914190211394, 0.9746701249767854, 0.7594689911177811, 0.4029515264129442, 0.9883117143424396, 0.19271247879032713, 0.4630199248657842, 0.010359575793338007, 0.07209200027347391, 0.7494105323921314, 0.5037204574729821, 0.535410149554583, 0.008798135310633804, 0.25723596078856, 0.9980124863360137, 0.3471112496837156, 0.9616291974833293, 0.6015859031800095, 0.17887082169588356, 0.9133477324429162, 0.17234174233679023, 0.09260166396739658, 0.2102124475067868, 0.3781829979252267, 0.8197315961819988, 0.5235732881062719, 0.6723832206141465, 0.5930227183766246, 0.2084294549958831, 0.5968748386081996, 0.4805171858524899, 0.8243655335189031, 0.62899843963119, 0.4298805252077172, 0.6517474768964463, 0.987087313649934, 0.3371849701093068, 0.8100853353832003, 0.9723573677230831, 0.868398356617621, 0.7442587854372521, 0.32093726391839866, 0.24679324841585681, 0.19028719102450098, 0.7947258118261344, 0.5397458488297857, 0.6176759241639427, 0.6256298605245944, 0.2676113738000357, 0.9101253953048141, 0.012646978738716832, 0.5618269847163612, 0.20298711059594526, 0.4210224302483956, 0.9488538080380129, 0.7761076794477919, 0.26171513338343816, 0.02418393648890231, 0.5622507245175754, 0.6072021951682288, 0.4311447720575141, 0.08653480703269287, 0.0017070162668308872, 0.3329771163032058, 0.7744127322629373, 0.8126032928473774, 0.06331730588399243, 0.6843540973467246, 0.6726542158204818, 0.3715763175306684, 0.7014171262042774, 0.6634363394076428, 0.649117836280272, 0.525532774912604, 0.4087832814586177, 0.2363191374777339, 0.0919550926292258, 0.6739847723568109, 0.7014671666741974, 0.11364921520263925, 0.09619072042267478, 0.9035262350293278, 0.5846011493906882, 0.29977022016073185, 0.6422649890824214, 0.22943884688754287, 0.8804128196211319, 0.6562143306197548, 0.17200569060201804, 0.24904022735460832, 0.8781535083282312, 0.3355387747885339, 0.17596505758339567, 0.9664767784769677, 0.20711117017128436, 0.4342206220164869, 0.8497454971868869, 0.06541965496274084, 0.4864010346996544, 0.6888673215422244, 0.34122344357132245, 0.937826369644142, 0.3890229223123189, 0.2215262052564327, 0.8523463188040031, 0.4458434928184618, 0.10920793027030005, 0.9402339722231531, 0.4473406036686377, 0.5972566671179476, 0.7411710651309162, 0.8531733082682588, 0.5214616814758705, 0.14204178393406114, 0.5291014006990519, 0.6307367323004528, 0.5742605324567107, 0.5686526555252295, 0.1706766795310842, 0.6413491176563088, 0.19525116233793377, 0.5190984596363466, 0.9194635127045153, 0.029551558539645903, 0.7738827035119754, 0.9449706456624286, 0.19556596831266954, 0.35759370470730295, 0.9338665475567131, 0.19591018289528533, 0.214303449185047, 0.5301155769552328, 0.43577536541823714, 0.22780112221694981, 0.4471219750691437, 0.18306819120583664, 0.4012711475551679, 0.6284682756545394, 0.4385451798237165, 0.7632433279412479, 0.36711505660697813, 0.8057753083209175, 0.2935307606893914, 0.49620093139228333, 0.7609942956313507, 0.7484336699531363, 0.441663706948167, 0.010056543594076787, 0.21387305066650383, 0.5702703801402347, 0.8015847255568088, 0.06513362126243566, 0.40787619847737433, 0.7802463299126701, 0.9840708815675366, 0.5985450006384692, 0.9658844750011257, 0.4814475793296123, 0.3293053422464691, 0.22552485456274468, 0.38228512984568314, 0.15709697771252404, 0.07210161922587101, 0.9149586972361347, 0.30208193899916713, 0.13272656559725463, 0.14824131749158745, 0.4280123454066539, 0.975573002993682, 0.7003010258695146, 0.9906881601281134, 0.1590866896491916, 0.3227630453022911, 0.6835619289860781, 0.40997465997632543, 0.07144304325194563, 0.5298978560602197, 0.7816321928301535, 0.06813489012503436, 0.6268693926307609, 0.5905206400574344, 0.18590228756536617, 0.9623364459999963, 0.9226631957805812, 0.5374487327944186, 0.337957342413915, 0.0102485446506594, 0.5088479582889499, 0.9112780888811577, 0.8471288337116121, 0.29654751314171773, 0.6241013315935052, 0.5244474300372977, 0.011835841438019976, 0.7654864760444672, 0.8729466465453237, 0.9448911946143053, 0.7945576622655732, 0.6445239401143807, 0.924547950223024, 0.9106426248886067, 0.19675148462557443, 0.40359470028800587, 0.34233272607305065, 0.09112143431664449, 0.988630283010461, 0.2878169219456126, 0.18134714941874847, 0.8841564322644654, 0.2795375433368817, 0.18423999157664495, 0.7822911098838857, 0.9584312623852321, 0.978515351677049, 0.03264539284827826, 0.38646015280083074, 0.9552763373191869, 0.31846098250849947, 0.43808933646751586, 0.27042164963527704, 0.13414938899490336, 0.17512505052938845, 0.48313358091431213, 0.6687062068774491, 0.759012731702268, 0.9750616421279513, 0.10581391029256472, 0.8252384248083061, 0.07170107108840125, 0.6541176473281288, 0.24041830290519645, 0.6116483155741256, 0.3771700611916433, 0.948844394082317, 0.9745591683474865, 0.5583498573247222, 0.4386272156174544, 0.3319807651614944, 0.7046383435557732, 0.7717296308226103, 0.28308042040281883, 0.16484512039929416, 0.7412047056945839, 0.6589448327633012, 0.72657784041523, 0.6402395105681876, 0.15027556976634604, 0.18928239429361832, 0.29128209811246514, 0.05982888282576462, 0.43621515318675375, 0.8662449994796473, 0.21587317887916876, 0.8567610976999435, 0.824200271450486, 0.011119810578129604, 0.1974202639336547, 0.09388445682991868, 0.4799611539634371, 0.41269560416554535, 0.06844476795087408, 0.5142352659097336, 0.21038761073416912, 0.5261929855839512, 0.3183516389934167, 0.7760069274759389, 0.38375731224476534, 0.06545410350323135, 0.2992996669721593, 0.5781926941393285, 0.5596817467891191, 0.4383246411084235, 0.13250234151882637, 0.9597016381973823, 0.7476899724139395, 0.42553529268915696, 0.7223270686476387, 0.7333808848920661, 0.684924663450094, 0.018977230598638387, 0.5658649082845626, 0.7045107182614678, 0.9410378469989134, 0.6220707991719076, 0.39374605573802224, 0.29064808756805904, 0.11462936924507883, 0.5243756668739908, 0.10139103152900121, 0.961334775894662, 0.39832511879114013, 0.6278343781009276, 0.5291293066679683, 0.49660579019550555, 0.6403724003541167, 0.15556590355078997, 0.7922288135988861, 0.5873553889117598, 0.9217890533332043, 0.5142927753181143, 0.9501699287168184, 0.6763240744828618, 0.8943141084044307, 0.34015589015926984, 0.6932562071827713, 0.26779032184786655, 0.0790102910972248, 0.22377925632745738, 0.6351375551785416, 0.4748061424026241, 0.4015830043768909, 0.40095663512072216, 0.7914777384526545, 0.43195779747916707, 0.8579087075678511, 0.44121552425120925, 0.8587136271845457, 0.22031469878554877, 0.05942056263058384, 0.7630594941900196, 0.5963288157909304, 0.2273405999419687, 0.2014562694107598, 0.4898071126811841, 0.16003715744496644, 0.38456354268404924, 0.6343623632789127, 0.12444165553581818, 0.7015951804963936, 0.2681453193332284, 0.33431573414974, 0.8099329589370545, 0.1847585590578111, 0.847196898848738, 0.10952064921387936, 0.50786417821504, 0.4220820270678072, 0.6346684282305487, 0.5933022797141599, 0.643680770196668, 0.26353508367451306, 0.11866073937895728, 0.4959368330093231, 0.6741311421029558, 0.9975945158015588, 0.23770304019557092, 0.4110521623680974, 0.21850349961020119, 0.5356399151981208, 0.6655829604232705, 0.027510666121570652, 0.7054818546205581, 0.28998953584810483, 0.5719672867278304, 0.2382040054365718, 0.9805725123248817, 0.4806279710107962, 0.4973692278130928, 0.3631159997083524, 0.1662666865532362, 0.23060257584838387, 0.9708141210742776, 0.12702415961650393, 0.032210988622820784, 0.9400700431373232, 0.07451161868405431, 0.5194054664908258, 0.5151541863904765, 0.11318516387186248, 0.32584638449998043, 0.06466884986663027, 0.9882131028883984, 0.681398581904685, 0.6576475794617658, 0.9957159123761209, 0.004672920212428483, 0.10093953391093541, 0.11725497708693099, 0.023907222598287314, 0.8680226357671165, 0.46492988587133677, 0.2876836168514023, 0.17625870618168762, 0.06029298078003499, 0.8365006374483527, 0.5220939273462993, 0.29714849302654944, 0.5244946280148421, 0.14645302867274604, 0.1668399954760265, 0.6429683805447286, 0.02498452584883341, 0.34642225936071797, 0.3582345403959445, 0.5494404132720974, 0.00965294587113819, 0.36780310263688626, 0.10934058427083299, 0.4114532155773748, 0.24863497563065146, 0.34745319357240384, 0.5973390911214242, 0.09978334701003196, 0.7778620264465997, 0.7922942847801937, 0.32938458694431316, 0.20766232417409297, 0.8569061464490518, 0.009347319929221814, 0.7846222065176955, 0.13416298728844808, 0.9744672280181997, 0.6458090441605596, 0.6341668044460337, 0.3262559272613502, 0.6169188379433661, 0.5460607559202786, 0.2051515890674656, 0.9200183988456755, 0.770385772834306, 0.31920950864431485, 0.13189605884122782, 0.42072739254260855, 0.17957792251531232, 0.16265182670877107, 0.49319481232243806, 0.1742903644290109, 0.407644331968379, 0.9616508616068069, 0.6000610440108153, 0.3963778350837027, 0.08018174997458563, 0.028722352062868283, 0.5717975008561057, 0.9883328149535515, 0.6706500057378045, 0.5620531381947513, 0.6103445807234856, 0.10068679891726062, 0.20764133630418113, 0.8969110042136936, 0.34254311679193983, 0.9458407370947056, 0.897092952081162, 0.6891426280820346, 0.9822031755634743, 0.20092365725551184, 0.3553425575633913, 0.6410274310102507, 0.7771127669592399, 0.31360411370003743, 0.6312559340351859, 0.18785612135608126, 0.32418478504673265, 0.504407317489439, 0.3888596118538616, 0.6117919424120339, 0.12850217476380255, 0.511253600476568, 0.738704513668627, 0.7743167228867377, 0.024416677456130957, 0.36133484742243643, 0.23641048190231206, 0.790422178381688, 0.4912717957204797, 0.20880417011396724, 0.3062720813093788, 0.2697871233402924, 0.1738040218209235, 0.26948605226709654, 0.49211661773136717, 0.03649889119979155, 0.20613806388763573, 0.28976288318479987, 0.18729788591087146, 0.43898138879741677, 0.03996620490856754, 0.2651420424499288, 0.7934233700603651, 0.09998064443495595, 0.12914710581725788, 0.31725342674294776, 0.5026550592674666, 0.08062892292991851, 0.0075607067299493244, 0.4328838498262198, 0.9066721737730251, 0.8275095089099419, 0.503640500081232, 0.0044009930962343995, 0.6227742087032124, 0.6223473137106892, 0.3023408065773757, 0.1724721591359287, 0.08436294052817514, 0.11747211281279808, 0.876289838558699, 0.2859052020889896, 0.797240929725198, 0.9570995157976597, 0.4787230754128817, 0.7412799288026585, 0.7335756121669382, 0.8113282463366788, 0.47152770760740637, 0.3710988964957683, 0.9010007173317858, 0.5220966869853653, 0.4115898192171042, 0.7974190664256631, 0.49660971184434594, 0.40461134380614316, 0.646611380954642, 0.8932748003875371, 0.6395024007803872, 0.1315653924744144, 0.5732783984826586, 0.2346113045851197, 0.6549899550858765, 0.6401769193008514, 0.5770064088066986, 0.2962954891371252, 0.3862977769465528, 0.3158435226368954, 0.5293705242830706, 0.7198514937429256, 0.35808755502342526, 0.5314399928309061, 0.7480840802441803, 0.9403788532247963, 0.7671965987741755, 0.9154241224048222, 0.1556124013950353, 0.3804650434813933, 0.3698887909917393, 0.915840340054767, 0.8505018678861294, 0.6632321954646233, 0.10969672409555957, 0.957894271861462, 0.4808580035097352, 0.05820080165971866, 0.08540563332082743, 0.3285396223874296, 0.13502731664284515, 0.7094044723462295, 0.7733411749112248, 0.36912083712854066, 0.10833909670120864, 0.34712494508357755, 0.30084141438690826, 0.7876566919889499, 0.3902972922148752, 0.1611009888558632, 0.28581217188426916, 0.9199034584417689, 0.6020357044267993, 0.3802268815489275, 0.31659146356750995, 0.3831058356042122, 0.9840450864712289, 0.07632498628287061, 0.8623959336746891, 0.06519635935580245, 0.06887709917244697, 0.28780933998757063, 0.638582549671821, 0.37210287337856374, 0.5275067290293399, 0.44004172878760917, 0.9801798754481935, 0.8885043446438025, 0.20424300271927434, 0.882492428021775, 0.29116504228668716, 0.33558101971861665, 0.4201229892309479, 0.7668729913690749, 0.5510980705744885, 0.19410783609829255, 0.8851266485700364, 0.6142859511869636, 0.3821447880029711, 0.03301624827370862, 0.18165732391073816, 0.849414154098017, 0.6520659590344716, 0.5056180748536092, 0.5880719995252092, 0.024918052015876317, 0.5713154928196763, 0.8673783985371848, 0.8250937799533494, 0.4255457591291673, 0.5893766060401577, 0.2980110276383348, 0.8783865719143359, 0.5735845539371949, 0.7562772785025171, 0.14740317538946404, 0.5429431404603836, 0.19564843313077532, 0.0695599135448578, 0.3058477859105254, 0.5496058843303567, 0.5051687797113247, 0.3830566126767439, 0.7515100487847832, 0.8359946311543751, 0.4081414796580718, 0.33387176649707856, 0.8694591361705845, 0.12723391915428908, 0.30411047055109885, 0.4573933417818396, 0.20646326341854634, 0.8750432782984945, 0.49257306275934115, 0.23637213541554553, 0.30984760011915113, 0.6100760774872083, 0.5645207172102362, 0.9990221429592995, 0.6696614921008249, 0.6509507338383778, 0.09806823588082005, 0.20018789165067533, 0.8995941875532185, 0.22116371140528593, 0.8460596640323912, 0.30072844339387533, 0.5123167430251451, 0.4630192050888618, 0.036474870576710165, 0.7981271202085577, 0.6795253197747746, 0.45820188889548924, 0.9565678262499626, 0.34188540667465217, 0.31169689952528234, 0.43475378727957364, 0.9691030750292268, 0.9547585616421881, 0.19212261395256314, 0.9409184459801843, 0.41584451311552134, 0.5460958023709224, 0.8022137648012747, 0.008718266228746923, 0.18058094418681542, 0.839028836427295, 0.335226581723652, 0.9112659342950359, 0.9640828085113612, 0.9111519405731079, 0.9563122457743433, 0.6445662640794096, 0.8227397784847417, 0.879819313656139, 0.4514138236929573, 0.8480058743712479, 0.37178469892241117, 0.6121834896287156, 0.17858530028637967, 0.15447612679851128, 0.19285382890948682, 0.4037378842130348, 0.48246925876841634, 0.4111009261808297, 0.5238256270373619, 0.2633109565246734, 0.43414687699404475, 0.737738560733862, 0.26032399607196616, 0.5288302264164307, 0.3249392996958509, 0.4239749035412456, 0.5333064536074248, 0.5352403260918684, 0.07205933214695462, 0.44198032137668175, 0.05261119013140175, 0.16120804214569542, 0.9235975938391281, 0.03690147311487621, 0.7294316226508014, 0.6020842347075279, 0.061803260167895196, 0.6802087080013007, 0.6826048072627279, 0.3663633049437807, 0.8569483128704825, 0.20771715165404725, 0.859762138980578, 0.02010680058827787, 0.3242376656225647, 0.6265393633245213, 0.030247834282403935, 0.623506118150258, 0.4934003673518116, 0.27799510453132414, 0.8141277466476255, 0.6875725277341138, 0.20799558422403058, 0.5021962203705702, 0.28304372630801083, 0.09360195244685514, 0.940395636104125, 0.7966322631491026, 0.9897715808738146, 0.42740135297427545, 0.6593950334881892, 0.29166876620099197, 0.047720146327761406, 0.04627284413083088, 0.20651945086983364, 0.46088016312225305, 0.5900721296721418, 0.33272525491892924, 0.9736571617019484, 0.19735813899821636, 0.64113237199543, 0.9260295183850026, 0.610241092458025, 0.9672544305383068, 0.3034476233521076, 0.08740692896060852, 0.6776670289352096, 0.3653549825238187, 0.5599708561555106, 0.010730277355082692, 0.698419384540244, 0.1499673722956209, 0.28500946117932086, 0.7501882116444658, 0.7970120003918781, 0.37081177287345296, 0.9619953559183132, 0.2124011326232024, 0.9276244228059116, 0.6769852248056554, 0.8215025788978146, 0.5827789827975037, 0.7200886821719639, 0.3094449853570834, 0.8292085247184884, 0.7744775042757188, 0.20527257728368192, 0.48553744159867096, 0.7307551974824569, 0.5491808630222941, 0.9103597169131975]

X_aleatório_inicial:
[0.09693520206010653, 0.4915132749750718, 0.47776867203278406, 0.5144119020482915, 0.8299871032247207, 0.9830573862198717, 0.866423596772876, 0.7813175021140442, 0.6614913323769565, 0.049212950976647796, 0.6768799638011496, 0.7814950278513484, 0.6415285718882915, 0.19960645736468785, 0.6540707107615669, 0.04163852232588727, 0.7941907980765098, 0.04025796087832323, 0.9194772735264042, 0.6861706596048993, 0.8437494359160793, 0.337057179292798, 0.47111805022913367, 0.08988502058776426, 0.093518793441009, 0.5483515985982699, 0.29315264323614776, 0.6149731109523012, 0.7847693807326531, 0.2506285687008343, 0.33560983654631005, 0.697463448928797, 0.8999449489285383, 0.326951191542454, 0.28756188160393026, 0.719579981038671, 0.0664908759965912, 0.8100537638105497, 0.4454197154496241, 0.15396630207472717, 0.9120407430087459, 0.880711814160847, 0.8453584643113138, 0.1776977896336971, 0.6717854878661464, 0.15361114191748826, 0.9131907404361264, 0.18167671230070082, 0.015036414057996828, 0.5025042083756268, 0.7182672409338832, 0.8503439765789618, 0.27567883579621955, 0.6202209334411889, 0.5061791200994522, 0.6766866886360678, 0.33457668911783867, 0.25265072715515424, 0.9673431875352841, 0.22881565675685445, 0.3904282898480387, 0.03712033671978909, 0.40591166660446865, 0.8272648768216094, 0.4627070452628438, 0.250217868379779, 0.8460619095215343, 0.14547708093603728, 0.5683215030812655, 0.22462838206582103, 0.32913292482231926, 0.6018625791161875, 0.5735052194147215, 0.6523679934543707, 0.9477292216747081, 0.8755848120936127, 0.33617501420070706, 0.09511696034224604, 0.5835897555352152, 0.2652717333116975, 0.5283715841804619, 0.8862380741260635, 0.7309198461554597, 0.6472766571506315, 0.34843338959741044, 0.002229773988970729, 0.3602932110657441, 0.8688269059813044, 0.27689614960150377, 0.5297371100279304, 0.2258098787213142, 0.007983377055365781, 0.8076266038691804, 0.7738646223345785, 0.7626892648855262, 0.8679272501900144, 0.9553622781358214, 0.5734823742963034, 0.112578473276704, 0.396103500108005, 0.9228934611045786, 0.703430339011948, 0.5084935947706981, 0.02073630248412983, 0.4995444763663416, 0.6846159134899301, 0.28778459162573566, 0.09360096291713083, 0.05620278737280415, 0.24970773327964535, 0.08280320799043184, 0.6438559964320211, 0.251885581702862, 0.7683655732970294, 0.016946087407289867, 0.8513519335017941, 0.7897709987043958, 0.807251007054562, 0.7599366612918094, 0.7764532140233312, 0.6880252869996129, 0.6895841082646612, 0.2418453457930556, 0.37712356526839774, 0.4888802563944351, 0.15565475406579232, 0.3480772370021651, 0.5500405994535635, 0.7823282674650418, 0.7290956824464705, 0.6704160322133782, 0.5544344208025965, 0.6713558673112322, 0.2978426323533726, 0.16318726691138885, 0.23889791784989833, 0.7974069544620599, 0.3928834646614151, 0.8408516337926973, 0.11558695180193046, 0.9853868386965652, 0.471102521037132, 0.5803926644171437, 0.524222501893771, 0.039086903121037686, 0.8505313034382694, 0.23956929645297176, 0.14352914190211497, 0.9746701249767861, 0.7594689911177817, 0.40295152641294396, 0.9883117143424391, 0.19271247879032716, 0.46301992486578436, 0.01035957579333835, 0.07209200027347407, 0.7494105323921316, 0.5037204574729823, 0.5354101495545833, 0.008798135310634447, 0.2572359607885606, 0.9980124863360145, 0.34711124968371665, 0.9616291974833305, 0.6015859031800107, 0.17887082169588486, 0.9133477324429173, 0.17234174233679167, 0.092601663967398, 0.21021244750678836, 0.37818299792522825, 0.8197315961820002, 0.5235732881062736, 0.6723832206141479, 0.5930227183766259, 0.20842945499588417, 0.5968748386082005, 0.4805171858524907, 0.8243655335189041, 0.6289984396311904, 0.42988052520771713, 0.6517474768964461, 0.9870873136499342, 0.3371849701093068, 0.8100853353832006, 0.9723573677230831, 0.8683983566176211, 0.7442587854372518, 0.3209372639183987, 0.24679324841585715, 0.19028719102450153, 0.7947258118261354, 0.5397458488297868, 0.6176759241639439, 0.6256298605245955, 0.2676113738000373, 0.9101253953048157, 0.01264697873871834, 0.5618269847163628, 0.20298711059594698, 0.42102243024839725, 0.9488538080380147, 0.7761076794477936, 0.26171513338343955, 0.02418393648890349, 0.5622507245175765, 0.6072021951682299, 0.4311447720575151, 0.08653480703269367, 0.0017070162668313404, 0.3329771163032057, 0.7744127322629373, 0.8126032928473773, 0.06331730588399276, 0.6843540973467249, 0.6726542158204818, 0.3715763175306679, 0.7014171262042771, 0.6634363394076425, 0.6491178362802722, 0.5255327749126043, 0.40878328145861853, 0.2363191374777348, 0.09195509262922708, 0.6739847723568121, 0.7014671666741987, 0.11364921520264082, 0.09619072042267651, 0.9035262350293298, 0.5846011493906899, 0.2997702201607334, 0.6422649890824229, 0.22943884688754423, 0.8804128196211335, 0.6562143306197556, 0.17200569060201887, 0.24904022735460918, 0.878153508328232, 0.33553877478853456, 0.17596505758339598, 0.9664767784769679, 0.20711117017128433, 0.4342206220164868, 0.8497454971868867, 0.06541965496274105, 0.48640103469965434, 0.6888673215422242, 0.34122344357132195, 0.9378263696441419, 0.38902292231231905, 0.22152620525643318, 0.8523463188040032, 0.4458434928184628, 0.1092079302703014, 0.9402339722231544, 0.44734060366863915, 0.5972566671179491, 0.7411710651309178, 0.8531733082682599, 0.5214616814758718, 0.14204178393406242, 0.5291014006990531, 0.6307367323004539, 0.5742605324567116, 0.5686526555252305, 0.17067667953108512, 0.6413491176563095, 0.19525116233793427, 0.5190984596363469, 0.9194635127045155, 0.029551558539645972, 0.7738827035119752, 0.9449706456624286, 0.19556596831266948, 0.3575937047073028, 0.933866547556713, 0.19591018289528528, 0.21430344918504696, 0.5301155769552328, 0.4357753654182377, 0.22780112221695048, 0.44712197506914475, 0.18306819120583773, 0.40127114755516924, 0.6284682756545409, 0.4385451798237182, 0.7632433279412497, 0.36711505660697963, 0.805775308320919, 0.29353076068939266, 0.4962009313922845, 0.7609942956313515, 0.7484336699531372, 0.4416637069481678, 0.010056543594077594, 0.21387305066650453, 0.5702703801402352, 0.8015847255568093, 0.06513362126243594, 0.40787619847737444, 0.78024632991267, 0.9840708815675365, 0.5985450006384689, 0.9658844750011255, 0.481447579329612, 0.32930534224646923, 0.22552485456274485, 0.3822851298456834, 0.1570969777125245, 0.07210161922587166, 0.9149586972361354, 0.30208193899916846, 0.13272656559725615, 0.14824131749158898, 0.42801234540665556, 0.9755730029936843, 0.7003010258695165, 0.9906881601281148, 0.15908668964919281, 0.3227630453022923, 0.683561928986079, 0.4099746599763263, 0.07144304325194639, 0.5298978560602202, 0.7816321928301538, 0.06813489012503493, 0.6268693926307612, 0.5905206400574347, 0.1859022875653662, 0.9623364459999961, 0.9226631957805811, 0.5374487327944184, 0.33795734241391495, 0.010248544650659275, 0.50884795828895, 0.9112780888811576, 0.8471288337116122, 0.2965475131417181, 0.624101331593506, 0.5244474300372985, 0.011835841438021077, 0.7654864760444686, 0.8729466465453256, 0.9448911946143075, 0.794557662265575, 0.6445239401143827, 0.9245479502230254, 0.9106426248886076, 0.19675148462557568, 0.4035947002880069, 0.34233272607305176, 0.09112143431664521, 0.9886302830104621, 0.2878169219456135, 0.18134714941874908, 0.8841564322644658, 0.27953754333688186, 0.18423999157664506, 0.7822911098838855, 0.9584312623852318, 0.9785153516770487, 0.032645392848278165, 0.3864601528008309, 0.9552763373191873, 0.31846098250849963, 0.438089336467516, 0.2704216496352774, 0.13414938899490403, 0.17512505052938931, 0.48313358091431324, 0.6687062068774507, 0.7590127317022696, 0.9750616421279534, 0.1058139102925667, 0.8252384248083084, 0.07170107108840318, 0.6541176473281303, 0.2404183029051976, 0.6116483155741267, 0.37717006119164453, 0.9488443940823184, 0.9745591683474876, 0.5583498573247232, 0.4386272156174552, 0.331980765161495, 0.7046383435557737, 0.7717296308226101, 0.2830804204028188, 0.1648451203992941, 0.7412047056945834, 0.6589448327633011, 0.72657784041523, 0.6402395105681877, 0.15027556976634637, 0.18928239429361882, 0.29128209811246586, 0.05982888282576537, 0.43621515318675463, 0.8662449994796485, 0.21587317887917, 0.8567610976999451, 0.824200271450488, 0.011119810578131384, 0.19742026393365664, 0.09388445682992064, 0.47996115396343886, 0.41269560416554685, 0.0684447679508755, 0.5142352659097348, 0.21038761073417034, 0.5261929855839521, 0.3183516389934178, 0.7760069274759398, 0.38375731224476595, 0.06545410350323189, 0.2992996669721597, 0.5781926941393286, 0.5596817467891191, 0.4383246411084233, 0.13250234151882623, 0.9597016381973823, 0.7476899724139398, 0.425535292689157, 0.7223270686476392, 0.7333808848920668, 0.6849246634500952, 0.01897723059863976, 0.5658649082845639, 0.7045107182614694, 0.9410378469989151, 0.6220707991719094, 0.39374605573802424, 0.29064808756806093, 0.11462936924508083, 0.5243756668739926, 0.10139103152900297, 0.9613347758946638, 0.3983251187911415, 0.6278343781009288, 0.5291293066679693, 0.49660579019550655, 0.6403724003541175, 0.1555659035507907, 0.7922288135988867, 0.5873553889117601, 0.9217890533332043, 0.5142927753181148, 0.9501699287168182, 0.6763240744828618, 0.8943141084044308, 0.34015589015926984, 0.6932562071827714, 0.2677903218478669, 0.07901029109722535, 0.2237792563274582, 0.6351375551785425, 0.47480614240262553, 0.40158300437689254, 0.40095663512072377, 0.7914777384526565, 0.43195779747916885, 0.8579087075678529, 0.44121552425121113, 0.8587136271845474, 0.22031469878555066, 0.05942056263058548, 0.7630594941900213, 0.596328815790932, 0.22734059994196998, 0.2014562694107609, 0.4898071126811848, 0.16003715744496683, 0.3845635426840498, 0.6343623632789132, 0.12444165553581876, 0.7015951804963942, 0.2681453193332286, 0.33431573414974036, 0.8099329589370547, 0.18475855905781124, 0.8471968988487384, 0.1095206492138796, 0.5078641782150405, 0.42208202706780773, 0.6346684282305495, 0.593302279714161, 0.6436807701966696, 0.2635350836745146, 0.11866073937895893, 0.4959368330093249, 0.6741311421029574, 0.9975945158015607, 0.23770304019557276, 0.41105216236809916, 0.218503499610203, 0.5356399151981226, 0.6655829604232718, 0.027510666121572047, 0.7054818546205595, 0.2899895358481057, 0.5719672867278308, 0.23820400543657205, 0.9805725123248817, 0.48062797101079635, 0.49736922781309323, 0.36311599970835295, 0.1662666865532365, 0.23060257584838406, 0.9708141210742778, 0.12702415961650404, 0.0322109886228209, 0.9400700431373233, 0.07451161868405476, 0.5194054664908263, 0.5151541863904773, 0.11318516387186361, 0.3258463844999817, 0.0646688498666319, 0.9882131028884003, 0.6813985819046866, 0.6576475794617677, 0.9957159123761228, 0.004672920212430265, 0.10093953391093702, 0.11725497708693267, 0.023907222598288924, 0.8680226357671181, 0.4649298858713382, 0.2876836168514034, 0.17625870618168837, 0.06029298078003553, 0.8365006374483525, 0.5220939273462992, 0.29714849302654933, 0.5244946280148424, 0.146453028672746, 0.16683999547602668, 0.6429683805447288, 0.024984525848833483, 0.34642225936071813, 0.3582345403959446, 0.5494404132720978, 0.00965294587113863, 0.367803102636887, 0.1093405842708336, 0.4114532155773756, 0.24863497563065262, 0.34745319357240523, 0.5973390911214257, 0.09978334701003377, 0.7778620264466014, 0.7922942847801955, 0.32938458694431483, 0.20766232417409458, 0.8569061464490532, 0.009347319929223219, 0.784622206517697, 0.13416298728844955, 0.9744672280182011, 0.6458090441605606, 0.634166804446034, 0.32625592726135044, 0.6169188379433661, 0.5460607559202786, 0.20515158906746545, 0.9200183988456758, 0.7703857728343063, 0.3192095086443152, 0.13189605884122801, 0.4207273925426085, 0.17957792251531246, 0.16265182670877143, 0.49319481232243845, 0.17429036442901147, 0.40764433196837946, 0.9616508616068072, 0.6000610440108162, 0.39637783508370394, 0.08018174997458705, 0.02872235206286977, 0.5717975008561075, 0.9883328149535532, 0.6706500057378062, 0.5620531381947528, 0.6103445807234871, 0.10068679891726184, 0.20764133630418258, 0.8969110042136955, 0.34254311679194127, 0.945840737094707, 0.8970929520811627, 0.6891426280820351, 0.9822031755634744, 0.20092365725551187, 0.3553425575633914, 0.641027431010251, 0.77711276695924, 0.3136041137000378, 0.6312559340351862, 0.18785612135608132, 0.32418478504673276, 0.5044073174894393, 0.388859611853862, 0.6117919424120343, 0.12850217476380277, 0.5112536004765684, 0.7387045136686279, 0.7743167228867389, 0.024416677456132185, 0.3613348474224377, 0.2364104819023135, 0.7904221783816895, 0.4912717957204811, 0.20880417011396868, 0.3062720813093799, 0.26978712334029364, 0.1738040218209248, 0.26948605226709776, 0.4921166177313684, 0.03649889119979244, 0.20613806388763645, 0.28976288318480026, 0.1872978859108715, 0.43898138879741677, 0.039966204908567615, 0.2651420424499289, 0.7934233700603656, 0.09998064443495625, 0.12914710581725808, 0.317253426742948, 0.5026550592674667, 0.08062892292991852, 0.007560706729949462, 0.4328838498262201, 0.9066721737730258, 0.8275095089099423, 0.5036405000812327, 0.004400993096235539, 0.6227742087032135, 0.6223473137106905, 0.30234080657737705, 0.17247215913593006, 0.08436294052817639, 0.11747211281279935, 0.8762898385587004, 0.28590520208899095, 0.7972409297251992, 0.9570995157976607, 0.4787230754128826, 0.7412799288026591, 0.7335756121669388, 0.8113282463366791, 0.47152770760740625, 0.3710988964957682, 0.9010007173317857, 0.5220966869853652, 0.41158981921710447, 0.7974190664256632, 0.496609711844346, 0.40461134380614305, 0.646611380954642, 0.8932748003875375, 0.6395024007803871, 0.13156539247441446, 0.5732783984826589, 0.23461130458512014, 0.6549899550858772, 0.6401769193008521, 0.5770064088066998, 0.29629548913712633, 0.386297776946554, 0.3158435226368964, 0.5293705242830716, 0.7198514937429266, 0.35808755502342615, 0.5314399928309069, 0.7480840802441813, 0.9403788532247972, 0.7671965987741761, 0.9154241224048228, 0.15561240139503585, 0.38046504348139365, 0.3698887909917393, 0.9158403400547667, 0.8505018678861292, 0.6632321954646233, 0.10969672409555953, 0.9578942718614619, 0.4808580035097354, 0.05820080165971875, 0.08540563332082751, 0.32853962238742973, 0.1350273166428454, 0.7094044723462295, 0.773341174911225, 0.36912083712854116, 0.10833909670120945, 0.3471249450835786, 0.30084141438690937, 0.787656691988951, 0.39029729221487597, 0.16110098885586377, 0.28581217188426966, 0.9199034584417695, 0.6020357044267997, 0.3802268815489279, 0.31659146356751044, 0.38310583560421274, 0.9840450864712297, 0.07632498628287088, 0.8623959336746895, 0.0651963593558027, 0.06887709917244689, 0.28780933998757063, 0.638582549671821, 0.3721028733785635, 0.5275067290293399, 0.4400417287876093, 0.9801798754481941, 0.8885043446438026, 0.20424300271927442, 0.8824924280217753, 0.29116504228668727, 0.33558101971861687, 0.42012298923094815, 0.7668729913690752, 0.5510980705744893, 0.19410783609829363, 0.8851266485700376, 0.6142859511869642, 0.38214478800297147, 0.03301624827370897, 0.1816573239107383, 0.849414154098017, 0.6520659590344718, 0.5056180748536095, 0.5880719995252095, 0.024918052015876713, 0.5713154928196765, 0.8673783985371851, 0.8250937799533499, 0.42554575912916726, 0.5893766060401573, 0.29801102763833476, 0.8783865719143359, 0.5735845539371948, 0.756277278502517, 0.14740317538946413, 0.5429431404603837, 0.1956484331307755, 0.0695599135448578, 0.3058477859105255, 0.5496058843303567, 0.5051687797113247, 0.3830566126767443, 0.7515100487847838, 0.835994631154376, 0.40814147965807257, 0.33387176649707917, 0.8694591361705848, 0.12723391915428917, 0.30411047055109885, 0.45739334178183955, 0.20646326341854637, 0.8750432782984945, 0.4925730627593412, 0.23637213541554547, 0.30984760011915113, 0.6100760774872082, 0.564520717210236, 0.9990221429592993, 0.6696614921008245, 0.6509507338383772, 0.0980682358808197, 0.2001878916506754, 0.8995941875532185, 0.2211637114052858, 0.8460596640323913, 0.3007284433938755, 0.5123167430251453, 0.46301920508886185, 0.03647487057670995, 0.7981271202085574, 0.6795253197747747, 0.4582018888954895, 0.9565678262499628, 0.3418854066746526, 0.3116968995252829, 0.43475378727957403, 0.969103075029227, 0.9547585616421879, 0.19212261395256292, 0.9409184459801838, 0.4158445131155213, 0.5460958023709225, 0.8022137648012747, 0.00871826622874683, 0.18058094418681503, 0.8390288364272942, 0.3352265817236513, 0.911265934295035, 0.9640828085113602, 0.9111519405731073, 0.956312245774343, 0.6445662640794095, 0.8227397784847418, 0.8798193136561391, 0.45141382369295757, 0.8480058743712481, 0.3717846989224115, 0.6121834896287155, 0.17858530028637964, 0.1544761267985113, 0.192853828909487, 0.40373788421303514, 0.48246925876841673, 0.41110092618082994, 0.5238256270373625, 0.26331095652467396, 0.434146876994045, 0.737738560733862, 0.2603239960719661, 0.5288302264164306, 0.3249392996958509, 0.4239749035412457, 0.5333064536074248, 0.535240326091868, 0.07205933214695392, 0.44198032137668086, 0.05261119013140092, 0.16120804214569473, 0.923597593839127, 0.03690147311487557, 0.729431622650801, 0.6020842347075278, 0.06180326016789495, 0.680208708001301, 0.682604807262728, 0.3663633049437812, 0.8569483128704828, 0.20771715165404725, 0.8597621389805782, 0.020106800588278073, 0.32423766562256473, 0.6265393633245215, 0.030247834282404074, 0.6235061181502582, 0.4934003673518119, 0.2779951045313246, 0.814127746647626, 0.6875725277341137, 0.20799558422403042, 0.5021962203705702, 0.2830437263080109, 0.09360195244685554, 0.9403956361041255, 0.7966322631491022, 0.9897715808738135, 0.4274013529742746, 0.6593950334881884, 0.29166876620099136, 0.04772014632776089, 0.04627284413083055, 0.20651945086983337, 0.460880163122253, 0.5900721296721418, 0.33272525491892957, 0.9736571617019493, 0.19735813899821675, 0.6411323719954305, 0.9260295183850025, 0.6102410924580249, 0.9672544305383071, 0.30344762335210773, 0.08740692896060853, 0.6776670289352097, 0.3653549825238187, 0.5599708561555109, 0.010730277355083029, 0.6984193845402442, 0.14996737229562096, 0.285009461179321, 0.7501882116444658, 0.7970120003918785, 0.3708117728734531, 0.9619953559183134, 0.21240113262320237, 0.9276244228059112, 0.6769852248056547, 0.8215025788978142, 0.5827789827975035, 0.7200886821719636, 0.30944498535708354, 0.8292085247184885, 0.7744775042757187, 0.2052725772836821, 0.4855374415986713, 0.7307551974824572, 0.5491808630222946, 0.9103597169131982]

Erro da solução (|Ax - b|): 3.493044153483615e-14
Erro no vetor x: 2.7794214341874068e-14

Tempo de execução: 23.62594175338745
