Solução x:
[0.94008775 0.4885311  0.88132403 0.50905059 0.4762595  0.11214329
 0.89271549 0.80329331 0.87078227 0.20171941 0.79537726 0.58321344
 0.73278975 0.98075093 0.32099765 0.70226462 0.87490893 0.31974129
 0.23020158 0.30929008 0.99176174 0.11672404 0.891175   0.7446896
 0.59276979 0.06565564 0.84688034 0.86743052 0.88714108 0.6679229
 0.07216819 0.59190576 0.41862815 0.56582183 0.82727645 0.8159615
 0.17638677 0.29810685 0.99692485 0.4316873  0.29052663 0.31637304
 0.47166442 0.80466455 0.22433657 0.25552015 0.7161203  0.3087153
 0.36716799 0.21207537 0.88075437 0.7064719  0.25166307 0.17581966
 0.54683738 0.02223908 0.66195406 0.93429247 0.35768561 0.26517199
 0.5639554  0.30996625 0.50581966 0.37245861 0.89321967 0.57152524]

X_aleatório_inicial:
[0.9400877479807769, 0.4885310972923994, 0.8813240307053899, 0.5090505877631951, 0.47625950263586436, 0.11214329007712431, 0.8927154863635954, 0.8032933143024713, 0.8707822721691251, 0.2017194095277023, 0.7953772603438449, 0.5832134358539963, 0.7327897518956334, 0.9807509268758645, 0.3209976494556336, 0.7022646246284844, 0.8749089276830241, 0.3197412883151044, 0.2302015780232961, 0.3092900805046287, 0.991761744478394, 0.11672403977645152, 0.8911749958458056, 0.744689599504232, 0.5927697891271863, 0.06565564377598743, 0.8468803430176013, 0.8674305177636774, 0.887141081560624, 0.6679229026574568, 0.07216819105820105, 0.5919057646144044, 0.41862814555841865, 0.5658218284727564, 0.8272764535882022, 0.8159614970736856, 0.17638677222969723, 0.29810685235529555, 0.9969248476069321, 0.43168729657485505, 0.29052662577048427, 0.31637303859569266, 0.47166441861503394, 0.8046645533621614, 0.22433657416353492, 0.2555201452053819, 0.7161203000447334, 0.30871530092987975, 0.36716799228652297, 0.21207536832809137, 0.8807543723341187, 0.7064719002042769, 0.2516630709802744, 0.17581966203250665, 0.5468373802544927, 0.02223908079960435, 0.6619540568366227, 0.9342924723761785, 0.35768560631415813, 0.26517199099855127, 0.5639554046045153, 0.3099662547034647, 0.5058196631451817, 0.37245861087054544, 0.8932196728561862, 0.5715252364375777]

Erro da solução (|Ax - b|): 0.0
Erro (|Ax - b|)/|b| 0.0
Erro no vetor x: 2.0955000055363631e-16

Tempo de execução: 0.012129783630371094
