Solução x:
[5.36891455e-01 2.24174397e-01 5.06705257e-01 6.59038270e-01
 1.14101972e-03 3.94778969e-01 1.28290280e-01 8.96171893e-01
 7.64180308e-01 6.49328193e-02 1.84152793e-01 9.20714532e-02
 5.91463085e-01 4.05959909e-01 7.65920005e-01 5.43337045e-01
 3.35427306e-01 5.26744151e-03 2.43263061e-01 8.45308172e-01
 3.08324775e-01 6.35222682e-01 5.32582748e-02 1.97285320e-01
 4.81030636e-01 3.09517975e-01 5.70533389e-01 2.53400617e-02
 6.16739345e-02 2.75103673e-01 3.32416723e-02 7.90445328e-01
 2.65683937e-01 4.87348555e-01 2.96001922e-01 8.17397834e-01
 8.86502916e-01 4.38870715e-01 1.55222053e-01 1.96355671e-01
 9.03999840e-01 6.79310756e-01 4.92067946e-01 6.12872265e-01
 2.32041423e-01 8.26617378e-01 7.28589426e-02 3.55518324e-01
 9.58323397e-01 3.42055098e-01 5.98995250e-01 3.01799357e-01
 2.51276758e-01 9.03409195e-01 6.03008884e-01 6.95070481e-01
 5.57238454e-01 5.79803767e-01 1.50758424e-01 6.34535120e-01
 4.99969699e-01 9.82644070e-01 6.90060490e-01 7.83660956e-01
 2.79886359e-01 9.20361162e-01 3.71355802e-02 9.69911382e-01
 7.95354895e-01 6.54089377e-01 8.33845171e-01 9.29582549e-01
 5.63451165e-01 6.39440522e-01 4.96920045e-01 9.64178599e-01
 1.75355018e-02 7.79079772e-01 3.59434231e-01 1.75731723e-01
 8.67679410e-01 9.04751126e-01 3.69130280e-01 7.66835055e-01
 6.92520201e-01 4.43840628e-01 5.57741324e-01 7.04237334e-01
 2.16534843e-01 1.33383956e-01 8.88451962e-01 7.42274053e-01
 3.46164387e-01 7.23346183e-01 9.95635477e-01 4.45796794e-01
 2.40770602e-01 8.22231572e-01 1.87887120e-01 8.94158314e-03
 8.57000272e-01 8.87749860e-01 9.15841997e-01 4.68679311e-01
 7.67178417e-01 9.60016491e-01 7.69038597e-01 1.68428837e-01
 1.72027975e-01 5.09942096e-01 3.52071349e-01 2.17784313e-01
 8.85238703e-01 4.09950995e-01 2.99870198e-01 5.86557355e-02
 3.36427142e-01 9.58388593e-01 6.68200637e-01 3.86290468e-01
 8.07008161e-01 8.29709189e-01 7.35460669e-01 6.09971011e-01
 5.33670829e-01 8.39856762e-01 2.58018244e-01 2.97302609e-01
 4.14343393e-01 7.40549164e-01 8.57454793e-01 9.61537569e-01
 3.82737242e-01 6.88374563e-01 7.40770287e-01 6.29312335e-01
 3.31437507e-01 2.66186140e-01 8.37165643e-01 3.07224440e-02
 7.02902283e-01 7.32910174e-01 4.78798410e-01 3.35255888e-01
 9.40824082e-02 8.57354741e-01 7.60959095e-01 2.87817595e-02
 3.04128380e-01 9.27603484e-03 9.89227086e-01 3.59115045e-01
 1.32582817e-01 6.36450168e-01 3.93013012e-02 9.96084891e-01
 3.27464723e-01 9.59479673e-03 2.97032909e-01 8.12291576e-01
 2.22962205e-01 3.29099711e-02 1.55739078e-01 3.84206604e-01
 8.57968734e-01 8.99399599e-02 4.98258061e-01 5.00020222e-01
 5.16815663e-01 7.29719939e-01 8.62040970e-02 5.50094716e-01
 7.40356863e-01 5.10788663e-01 1.54817858e-01 2.26995982e-01
 1.11252430e-01 5.22939318e-02 9.98999580e-01 5.45217790e-01
 4.45626960e-02 4.86206214e-01 2.58570657e-01 4.90084466e-01
 9.91664603e-01 1.35230276e-01 3.94417760e-01 1.68763024e-01
 8.83580905e-01 2.55678878e-01 7.20594643e-01 4.17664982e-02
 6.65375035e-01 4.87812104e-01 7.62772718e-01 9.10687373e-03
 1.19001934e-01 3.40513062e-01 1.56449440e-01 3.03299527e-01
 4.31977002e-02 3.48997834e-02 9.68569422e-01 7.24998165e-01
 8.39020343e-01 3.18763083e-01 1.68395805e-02 6.25092257e-01
 1.19274881e-02 9.22449062e-01 4.29756474e-01 7.87167886e-01
 1.07850980e-01 6.26058171e-01 8.06543630e-01 6.62772587e-01
 8.00987022e-02 1.66110934e-01 8.03397837e-02 5.63554618e-01
 1.42596890e-02 3.93466419e-01 8.79163917e-01 3.83018126e-01
 9.92613104e-01 7.54856205e-01 5.34090385e-01 4.15774125e-01
 6.84034372e-01 7.59227633e-01 2.27232483e-01 5.53634954e-01
 6.33818536e-01 8.04156138e-01 2.95254399e-01 7.39089425e-01
 3.49149603e-01 9.80576601e-02 2.15612896e-01 5.16442618e-01
 4.86139681e-02 5.37927050e-01 7.11228681e-01 4.72652247e-01
 9.21945635e-01 4.69334171e-01 9.53836158e-01 3.79931266e-01
 8.22595061e-01 1.74109164e-01 2.73938631e-01 6.72465158e-01
 9.55957472e-01 2.11302943e-01 8.88713826e-01 6.92596392e-01
 1.75771968e-01 3.66158948e-02 9.61280515e-01 2.81327823e-01
 4.26917368e-01 3.79374171e-01 1.47524314e-01 7.06143926e-02
 8.04198147e-01 3.77022516e-01 7.26723165e-01 2.38818081e-01
 1.45219854e-02 1.71534443e-01 2.76447892e-01 4.60413274e-01
 7.01483321e-02 7.61490378e-01 8.48373399e-01 1.93392652e-01
 2.21016800e-01 2.38291822e-01 9.73974879e-01 8.00909147e-01
 1.79539385e-01 3.99804545e-01 4.23207293e-01 5.24902630e-01
 5.64834097e-01 9.68553643e-01 3.79504047e-01 4.58511865e-01
 6.09567628e-01 9.69285023e-01 6.55523971e-01 6.72316153e-01
 8.29147015e-01 1.12716252e-01 4.32258350e-01 5.39555316e-02
 4.66481810e-01 1.85135516e-01 6.98567736e-01 5.04673823e-04
 5.97606292e-02 7.71896164e-01 9.15840957e-04 9.38929960e-01
 4.12836999e-01 9.68921125e-01 5.43330120e-01 1.47030057e-01
 2.98749632e-02 3.19040569e-01 5.98928795e-01 7.83430418e-01
 5.63332762e-01 3.45721825e-01 5.22665077e-01 1.16559157e-01
 6.78756192e-01 1.22373233e-01 7.80774552e-01 1.71779777e-01
 7.37883900e-01 6.22624049e-02 3.05178805e-02 2.95082403e-01
 1.43366976e-01 1.25554196e-01 4.12878277e-01 3.48546081e-01
 6.74523252e-01 3.93123658e-01 8.25097672e-01 2.26283552e-01
 5.97610727e-01 3.01085113e-01 8.49747943e-01 4.12597701e-01
 9.15250694e-01 7.15175039e-01 2.33026422e-01 3.65822171e-01
 3.99519122e-01 2.26479253e-01 8.55583851e-01 2.29315008e-01
 7.39114620e-01 6.26584264e-01 5.94791915e-01 7.94381242e-01
 1.50425689e-01 4.32357293e-01 7.56318358e-01 3.36995632e-01
 5.08022086e-01 3.48716749e-01 9.84953941e-02 6.36662916e-01
 8.32248630e-01 1.90548911e-01 2.39353371e-02 8.55992648e-01
 3.95801977e-01 1.56762770e-01 6.74714672e-01 3.15046543e-01
 7.65587480e-01 4.26281224e-01 9.45239421e-01 1.70607033e-01
 5.97573486e-01 1.74892127e-01 4.93086047e-01 1.25457492e-01
 1.52921514e-01 7.51982170e-02 4.31483341e-01 6.86101591e-01
 6.90383349e-01 4.07424595e-01 5.41278708e-01 9.53283160e-01
 2.45809421e-01 1.45674118e-02 5.61227314e-01 2.47931839e-01
 5.33615059e-01 8.08124084e-01 9.48520874e-01 3.91049361e-01
 9.97498955e-01 9.32432848e-01 1.63564117e-01 6.63793219e-01
 2.41165368e-01 4.53702182e-03 2.76738959e-01 8.05797082e-01
 5.01302261e-01 8.78813413e-01 3.44071319e-01 7.26792025e-01
 3.73488454e-01 3.53436088e-03 2.84399747e-01 9.68290535e-01
 7.80465401e-01 9.27143146e-03 3.18811749e-01 8.34594797e-01
 7.45381729e-01 6.27640589e-02 6.19470243e-01 6.14984735e-01
 1.29611200e-02 1.37283309e-01 6.01291269e-01 7.78906714e-02
 8.90537597e-02 4.17510473e-01 8.28457635e-02 3.22363694e-01
 6.37250111e-01 9.17696465e-02 4.57667611e-01 9.15750954e-01
 3.78626347e-01 2.81901526e-01 4.15043148e-01 7.21003013e-01
 3.20276225e-01 4.01627784e-01 4.06434703e-01 7.43228697e-01
 5.96445705e-01 8.09221555e-01 4.50550877e-01 5.07791092e-01
 9.23728970e-01 3.93917408e-01 6.76714187e-01 3.19696805e-01
 3.67800496e-01 9.44924472e-02 9.09236358e-01 9.40516071e-01
 8.95673758e-01 5.78963501e-01 4.11536330e-01 2.70228531e-01
 9.60041178e-01 1.42029006e-01 2.17272536e-01 3.09765902e-01
 3.69745699e-01 4.65462599e-01 6.41966038e-02 7.12295796e-01
 4.76874364e-01 9.99595689e-01 3.49900006e-01 5.80636590e-02
 3.63124895e-01 5.10236301e-01 9.99065783e-01 1.27216140e-01
 7.29589873e-01 9.64198590e-01 8.59416997e-01 3.53675285e-01
 3.15992411e-01 9.92144603e-01 1.17591891e-01 5.66115787e-01
 9.02836229e-01 3.62455168e-01 2.07227598e-01 7.96400831e-01
 6.98939160e-01 1.70563669e-01 9.38191145e-01 8.18575995e-01
 9.33944352e-01 2.52358205e-01 6.88064863e-01 1.71860355e-01
 3.28283073e-01 7.65876626e-01 1.76108319e-02 6.61256515e-01
 9.88983204e-01 5.70725692e-01 9.08156833e-01 7.55208391e-01
 3.12552150e-01 5.70331326e-03 8.33374388e-01 1.72436298e-01
 2.09365076e-01 1.91568315e-01 1.21372772e-01 7.03450287e-01
 8.32819274e-01 3.52655289e-01 1.41743675e-01 4.81609096e-01
 8.19314600e-01 2.11109763e-01 4.67081611e-01 7.54285766e-01
 9.36270026e-01 2.88420483e-01 2.23331732e-01 5.87317892e-01]

X_aleatório_inicial:
[0.5368914547874113, 0.22417439651506166, 0.5067052573265423, 0.6590382696739097, 0.0011410197240698805, 0.3947789687019928, 0.1282902800061838, 0.8961718929655067, 0.7641803079065197, 0.0649328192599411, 0.1841527926547437, 0.09207145321734467, 0.5914630849702729, 0.40595990866597675, 0.7659200054982309, 0.5433370448986314, 0.3354273060056946, 0.005267441508108317, 0.24326306147521848, 0.8453081722064475, 0.3083247750665944, 0.6352226821686112, 0.05325827476471856, 0.19728531969765384, 0.48103063635703114, 0.3095179746258021, 0.570533388602013, 0.025340061669967606, 0.06167393446253577, 0.2751036728596923, 0.0332416723042106, 0.7904453277695798, 0.2656839373659967, 0.4873485553556054, 0.29600192215283194, 0.817397833658503, 0.8865029162286188, 0.4388707149208051, 0.15522205292873947, 0.19635567081346128, 0.9039998404532821, 0.679310755608846, 0.4920679461923638, 0.6128722648035455, 0.232041422885906, 0.8266173782390902, 0.07285894260461001, 0.35551832414604156, 0.9583233968719239, 0.3420550977399103, 0.598995249513398, 0.3017993568385531, 0.25127675821947826, 0.903409194696798, 0.6030088842284212, 0.6950704814835617, 0.5572384539827127, 0.579803767290402, 0.15075842394993844, 0.6345351200743634, 0.499969699427784, 0.9826440700130638, 0.6900604895479626, 0.783660955670196, 0.27988635907518844, 0.9203611618124289, 0.03713558023202612, 0.9699113820777123, 0.7953548946380514, 0.6540893766126346, 0.8338451708239021, 0.9295825488469551, 0.5634511651685823, 0.6394405222120646, 0.49692004527095013, 0.9641785987370534, 0.017535501761837602, 0.7790797723609102, 0.35943423061402757, 0.1757317226011078, 0.8676794097470385, 0.9047511260380333, 0.3691302804221306, 0.7668350547861751, 0.6925202012814289, 0.44384062805563884, 0.5577413236109381, 0.7042373340493966, 0.21653484283937996, 0.13338395610320664, 0.8884519616733887, 0.7422740528968388, 0.34616438676216776, 0.7233461832236292, 0.995635476704695, 0.44579679363244495, 0.24077060231018022, 0.8222315719674268, 0.1878871201222856, 0.008941583141941933, 0.8570002722575971, 0.8877498600997739, 0.9158419966218316, 0.46867931090076065, 0.7671784167739374, 0.9600164914538697, 0.7690385971230059, 0.16842883732857783, 0.17202797501030653, 0.5099420964106675, 0.3520713488552871, 0.21778431334243764, 0.8852387034650137, 0.409950994505079, 0.2998701982149322, 0.058655735461070724, 0.3364271422638835, 0.9583885928847441, 0.6682006367844878, 0.38629046811338474, 0.8070081610895892, 0.8297091887428262, 0.7354606692284189, 0.6099710106265711, 0.5336708290786756, 0.839856761601725, 0.2580182444879019, 0.29730260901726446, 0.4143433932930286, 0.7405491640234869, 0.8574547930965839, 0.9615375694283639, 0.3827372419062892, 0.6883745628927742, 0.7407702872321816, 0.629312334614562, 0.3314375069029385, 0.26618613967721283, 0.8371656427622951, 0.030722444019602002, 0.7029022833598595, 0.7329101741943015, 0.47879840990804856, 0.3352558881882952, 0.09408240819907632, 0.8573547406113398, 0.7609590953562544, 0.02878175952565476, 0.30412837955129024, 0.009276034841490866, 0.989227086097296, 0.35911504467368693, 0.13258281677353478, 0.636450167853221, 0.039301301155804436, 0.9960848913539162, 0.3274647234315994, 0.009594796725048926, 0.29703290904981117, 0.8122915760067554, 0.22296220471875494, 0.03290997112007099, 0.1557390781454815, 0.38420660407802143, 0.8579687335809064, 0.08993995988967618, 0.49825806090466485, 0.5000202218797338, 0.5168156630371957, 0.7297199394025955, 0.08620409696772136, 0.5500947156787517, 0.7403568634223453, 0.5107886630777326, 0.15481785788315916, 0.22699598235286278, 0.11125242987794182, 0.05229393184456099, 0.9989995796891477, 0.5452177899225904, 0.0445626960363692, 0.4862062136795754, 0.25857065748515895, 0.4900844661189546, 0.9916646027773732, 0.1352302757422852, 0.39441776030677733, 0.16876302440753121, 0.8835809053672965, 0.25567887823102153, 0.7205946432228834, 0.041766498150417, 0.6653750353145935, 0.4878121036071985, 0.7627727180726244, 0.009106873727860232, 0.11900193436617768, 0.3405130620087592, 0.15644944010325357, 0.30329952702751584, 0.04319770024989056, 0.03489978340227651, 0.9685694223251212, 0.724998164713064, 0.8390203427054131, 0.31876308339646964, 0.016839580508616336, 0.625092257197875, 0.011927488054767399, 0.9224490623732507, 0.42975647391170113, 0.7871678858052863, 0.10785098027071682, 0.626058171088599, 0.8065436302680894, 0.66277258658795, 0.08009870217630799, 0.16611093408239852, 0.08033978367486194, 0.5635546182667595, 0.014259688970571727, 0.39346641913878344, 0.8791639174105766, 0.38301812587178596, 0.9926131038511273, 0.7548562053405904, 0.5340903852548412, 0.415774125169566, 0.6840343720195781, 0.7592276325317289, 0.2272324828094643, 0.5536349537078165, 0.6338185357207063, 0.8041561381281886, 0.29525439916658314, 0.7390894254764659, 0.34914960266822914, 0.09805766009267936, 0.21561289557044505, 0.51644261823678, 0.0486139680643729, 0.5379270498350498, 0.7112286806303459, 0.47265224745862533, 0.9219456349395195, 0.4693341710963428, 0.9538361576081996, 0.3799312662732428, 0.8225950613403619, 0.17410916411028232, 0.27393863140381536, 0.6724651577492239, 0.9559574719901298, 0.21130294347477885, 0.8887138255882527, 0.6925963923173828, 0.17577196768478143, 0.03661589484971428, 0.9612805146226117, 0.2813278229197195, 0.4269173683399822, 0.3793741712184211, 0.14752431385464126, 0.0706143925657996, 0.8041981469736029, 0.3770225156627741, 0.7267231654744535, 0.23881808149552053, 0.014521985353543654, 0.17153444318572342, 0.2764478917360442, 0.4604132737781431, 0.07014833209778637, 0.7614903784871745, 0.8483733989580734, 0.19339265205153788, 0.22101679990394696, 0.23829182238938895, 0.9739748789368292, 0.8009091472772646, 0.1795393848752479, 0.3998045449892016, 0.4232072933099734, 0.5249026298652325, 0.5648340973781634, 0.9685536434922433, 0.3795040470934208, 0.45851186494079843, 0.6095676278944199, 0.969285022538453, 0.6555239714860853, 0.6723161530379976, 0.8291470145633927, 0.11271625198327662, 0.4322583501087157, 0.05395553160923183, 0.46648181008885625, 0.18513551618733326, 0.6985677358536818, 0.0005046738228239311, 0.059760629154121836, 0.7718961635325541, 0.000915840956896008, 0.9389299601858365, 0.4128369989550972, 0.9689211249366212, 0.5433301199334674, 0.1470300565917061, 0.02987496316344662, 0.31904056904143974, 0.5989287949584328, 0.7834304184049796, 0.5633327617351166, 0.345721825156021, 0.5226650773939961, 0.1165591565939944, 0.6787561917758645, 0.12237323325522154, 0.7807745522452112, 0.17177977676110878, 0.7378838997950388, 0.062262404937188154, 0.030517880478106885, 0.2950824032080438, 0.14336697637093132, 0.12555419583947047, 0.41287827748642725, 0.348546080826479, 0.6745232522259097, 0.39312365786214387, 0.8250976715309774, 0.22628355161089975, 0.5976107269826756, 0.30108511301097207, 0.8497479431389928, 0.4125977005872239, 0.9152506941529693, 0.7151750386278459, 0.23302642177132926, 0.36582217050255217, 0.39951912191767724, 0.22647925298580063, 0.8555838509973015, 0.22931500755459988, 0.7391146203609092, 0.626584264289438, 0.594791914664081, 0.7943812422031474, 0.15042568856027105, 0.43235729266662126, 0.7563183577799659, 0.336995631898814, 0.508022085648822, 0.34871674890219595, 0.09849539405305607, 0.6366629155544258, 0.8322486297933939, 0.19054891110168215, 0.02393533707782003, 0.8559926478944312, 0.39580197714699616, 0.15676276975709336, 0.6747146724651858, 0.31504654289563516, 0.7655874802754385, 0.426281223671379, 0.9452394211986662, 0.17060703342703676, 0.5975734862999836, 0.1748921265233414, 0.4930860467900504, 0.12545749225483516, 0.15292151379763919, 0.075198216997021, 0.4314833407581531, 0.6861015909003828, 0.6903833494874899, 0.40742459512276796, 0.5412787078849266, 0.9532831604628054, 0.24580942061658806, 0.014567411767005378, 0.5612273144142824, 0.24793183923284223, 0.5336150590911725, 0.8081240842581597, 0.9485208737348386, 0.3910493608397023, 0.9974989548964014, 0.9324328480003478, 0.1635641170220027, 0.6637932190880077, 0.24116536806222022, 0.004537021818959319, 0.2767389585683522, 0.8057970815554741, 0.5013022605861481, 0.8788134127516277, 0.3440713190285867, 0.7267920246415234, 0.3734884543325616, 0.0035343608758892087, 0.28439974654345435, 0.9682905345518218, 0.7804654005908581, 0.009271431464202506, 0.3188117491843868, 0.8345947966195666, 0.7453817290229218, 0.06276405886045322, 0.6194702429052367, 0.614984734696507, 0.012961120004390647, 0.13728330912292885, 0.6012912692911051, 0.07789067143976891, 0.08905375972437646, 0.4175104734040487, 0.08284576348731065, 0.3223636935670292, 0.6372501110250708, 0.09176964651326225, 0.4576676106087899, 0.9157509536748806, 0.3786263473376007, 0.281901525756148, 0.4150431481572322, 0.7210030126466246, 0.32027622513179743, 0.4016277839763598, 0.406434702629884, 0.743228697314328, 0.5964457047485521, 0.8092215547636948, 0.45055087665795823, 0.5077910918280973, 0.9237289703973336, 0.3939174081953821, 0.676714186685586, 0.3196968045138472, 0.36780049632317335, 0.09449244717912264, 0.9092363575639054, 0.9405160707693303, 0.8956737579749064, 0.5789635013324511, 0.4115363303158506, 0.2702285306684371, 0.9600411780345479, 0.14202900551703812, 0.21727253584035455, 0.30976590200240584, 0.36974569861258055, 0.4654625988919492, 0.06419660381841985, 0.7122957958351369, 0.47687436350374746, 0.9995956888127716, 0.34990000551683, 0.058063659012056124, 0.3631248946149137, 0.5102363011653892, 0.999065782960831, 0.1272161396550162, 0.7295898734197643, 0.9641985899809612, 0.8594169969094461, 0.35367528535747506, 0.315992410853557, 0.9921446026943391, 0.11759189145538784, 0.5661157870094782, 0.9028362290199919, 0.3624551679160627, 0.20722759828291515, 0.7964008311410228, 0.6989391598328168, 0.17056366948207025, 0.9381911445872224, 0.8185759946314454, 0.9339443517533466, 0.2523582048216051, 0.6880648627369269, 0.1718603551240434, 0.32828307255031763, 0.7658766260110978, 0.01761083185911394, 0.6612565150656348, 0.9889832041633665, 0.5707256919478397, 0.9081568329951987, 0.7552083907551924, 0.31255214985324353, 0.005703313262852339, 0.8333743879696888, 0.1724362981174502, 0.2093650759989163, 0.19156831529748097, 0.1213727719795622, 0.7034502868724403, 0.8328192742779144, 0.3526552889304403, 0.14174367498094487, 0.4816090960364834, 0.8193145996925549, 0.21110976262724235, 0.4670816112824725, 0.7542857664658441, 0.9362700259397856, 0.28842048291097866, 0.2233317318773187, 0.5873178922538741]

Erro da solução (|Ax - b|): 2.429305263082663e-15
Erro (|Ax - b|)/|b| 2.4108832237434707e-16
Erro no vetor x: 3.866434562019241e-15

Tempo de execução: 0.03284430503845215
