Solução x:
[0.997675655801982, 0.042943477989881115, 0.26353208003640416, 0.4454118662324293, 0.5852272927075232, 0.20618515213596852, 0.3847145064336828, 0.5187142131499103, 0.7544046167173757, 0.398153600848051, 0.6410379784880558, 0.11549151345228223, 0.09661816402373319, 0.33005560742195167, 0.7425094449239722, 0.4457078224365208, 0.4232659241824494, 0.5284771572325929, 0.33896264914905255, 0.2654444529715532, 0.4167416104741362, 0.9514685198193612, 0.9630149183812123, 0.991108761972651, 0.23150706216213146, 0.1519009402607639, 0.4504867076317234, 0.4311687853821845, 0.3647117693062528, 0.011225295737026322, 0.11800628983836316, 0.11652449259393727, 0.32972928332837387, 0.581276092563203, 0.611203265203324, 0.7898600121509582, 0.15779514455509586, 0.16431356081873522, 0.8947220022830322, 0.6683655639734883, 0.473724157461172, 0.8735961756142351, 0.44244018723443074, 0.0285376443076456, 0.8416574237396102, 0.09776293290141354, 0.7327151995592146, 0.9132902318441407, 0.36753473484588506, 0.42810968194493915, 0.7356460801537794, 0.4033029531963734, 0.7849073004123339, 0.8884825072508166, 0.7921034105649138, 0.9731386797155652, 0.3927247317875838, 0.08479255569107823, 0.46839272458471837, 0.1000974722879103, 0.49486640780859287, 0.6527178519027454, 0.4779928757075166, 0.4906228893802166, 0.5428740166366686, 0.3270312136117607, 0.23369255265331756, 0.02328483649665722, 0.5028702768784242, 0.3180151519619332, 0.02735914422896184, 0.41690373846471934, 0.8062920397682722, 0.3999728160942952, 0.0663504161694139, 0.8187842628505334, 0.2783876087686976, 0.5897447196253998, 0.5959148062083094, 0.3643091998072972, 0.8816478777279538, 0.7798680732545094, 0.4973183226581765, 0.1065605995620032, 0.18945637570609863, 0.6571439568468593, 0.9753437827204657, 0.15617383976940896, 0.15921695328259738, 0.26326956873613916, 0.6288429278958503, 0.03249735216801624, 0.3876612362572299, 0.9671529911337442, 0.2537630675241971, 0.6670076577165694, 0.19265302379566265, 0.5282502965884408, 0.5525633928427399, 0.1723642844751338, 0.4796944216266696, 0.1628296814897404, 0.12875879291018552, 0.6613658781482604, 0.2626683087942022, 0.03989337439735597, 0.6810630618320518, 0.6035306227773815, 0.1549209111901211, 0.20074084804722714, 0.9637096271329009, 0.08553898205658646]

X_aleatório_inicial:
[0.9976756558022766, 0.04294347798420428, 0.26353208003631723, 0.4454118662324149, 0.5852272927073836, 0.20618515213293176, 0.38471450643359595, 0.5187142131498959, 0.7544046167171335, 0.3981536008456692, 0.6410379784879743, 0.11549151345226938, 0.0966181640233913, 0.3300556074202138, 0.7425094449238978, 0.44570782243650897, 0.4232659241820137, 0.528477157231433, 0.33896264914898644, 0.26544445297154196, 0.41674161047360914, 0.9514685198187081, 0.9630149183811548, 0.99110876197264, 0.23150706216151562, 0.15190094026054846, 0.450486707631674, 0.43116878538217407, 0.3647117693055544, 0.011225295737183005, 0.11800628983832129, 0.11652449259392772, 0.3297292833275123, 0.5812760925640557, 0.6112032652032996, 0.7898600121509534, 0.1577951445542155, 0.1643135608196874, 0.8947220022830114, 0.6683655639734849, 0.4737241574608799, 0.8735961756147913, 0.4424401872344462, 0.028537644307656818, 0.8416574237394571, 0.09776293290177596, 0.7327151995592286, 0.9132902318441508, 0.36753473484623145, 0.42810968194465904, 0.7356460801537836, 0.4033029531963772, 0.7849073004123888, 0.8884825072508725, 0.7921034105649106, 0.9731386797155593, 0.3927247317875546, 0.08479255569117106, 0.4683927245847158, 0.10009747228790355, 0.4948664078081274, 0.6527178519029361, 0.4779928757075159, 0.49062288938021015, 0.5428740166359945, 0.32703121361196064, 0.23369255265331768, 0.02328483649665425, 0.5028702768777144, 0.3180151519621215, 0.027359144228962462, 0.41690373846472006, 0.8062920397676537, 0.3999728160944581, 0.06635041616941495, 0.8187842628505388, 0.27838760876823576, 0.5897447196255328, 0.5959148062083109, 0.3643091998073046, 0.8816478777279393, 0.7798680732545107, 0.49731832265818, 0.10656059956201458, 0.1894563757065323, 0.6571439568467554, 0.9753437827204644, 0.15617383976940635, 0.15921695328266516, 0.26326956873613017, 0.6288429278958502, 0.03249735216801353, 0.38766123625724747, 0.9671529911337383, 0.25376306752419686, 0.6670076577165676, 0.19265302379566307, 0.5282502965884388, 0.5525633928427396, 0.17236428447513263, 0.4796944216266581, 0.16282968148974164, 0.12875879291018544, 0.6613658781482604, 0.26266830879420566, 0.03989337439735752, 0.6810630618320518, 0.6035306227773832, 0.15492091119013673, 0.20074084804722925, 0.9637096271329009, 0.08553898205658828]

Erro da solução (|Ax - b|): 2.345538618908984e-05
Erro (|Ax - b|)/|b| 1.9467327159448949e-16
Erro no vetor x: 7.725899928219251e-12

Tempo de execução: 0.02713608741760254
