Solução x:
[0.9976756557997234, 0.04294347798770988, 0.26353208003637624, 0.4454118662324702, 0.5852272927065082, 0.2061851521346469, 0.3847145064336549, 0.5187142131499511, 0.7544046167166467, 0.3981536008469505, 0.6410379784880273, 0.11549151345231591, 0.0966181640232529, 0.33005560742108453, 0.7425094449239447, 0.4457078224365481, 0.423265924182167, 0.5284771572319472, 0.3389626491490266, 0.26544445297157476, 0.41674161047400576, 0.9514685198189211, 0.9630149183811886, 0.9911087619726673, 0.2315070621621154, 0.15190094026050885, 0.4504867076317021, 0.4311687853821969, 0.3647117693063229, 0.011225295736935143, 0.1180062898383444, 0.11652449259394645, 0.3297292833285734, 0.5812760925634405, 0.6112032652033119, 0.7898600121509624, 0.1577951445553115, 0.1643135608190232, 0.8947220022830217, 0.6683655639734917, 0.47372415746126084, 0.8735961756145287, 0.4424401872344356, 0.02853764430764269, 0.8416574237396633, 0.09776293290164417, 0.7327151995592193, 0.9132902318441383, 0.3675347348458427, 0.42810968194492294, 0.7356460801537815, 0.403302953196373, 0.7849073004122243, 0.8884825072508569, 0.792103410564913, 0.9731386797155623, 0.392724731787432, 0.08479255569112684, 0.4683927245847178, 0.10009747228790654, 0.49486640780813074, 0.6527178519027854, 0.4779928757075172, 0.4906228893802114, 0.5428740166360378, 0.32703121361177484, 0.233692552653318, 0.023284836496654984, 0.5028702768777776, 0.31801515196193375, 0.02735914422896222, 0.41690373846472073, 0.8062920397677342, 0.3999728160942909, 0.06635041616941373, 0.8187842628505393, 0.27838760876832325, 0.5897447196254018, 0.5959148062083092, 0.3643091998073047, 0.8816478777279452, 0.7798680732545096, 0.49731832265817655, 0.10656059956201185, 0.1894563757064285, 0.6571439568468724, 0.9753437827204657, 0.15617383976940694, 0.15921695328264784, 0.2632695687361432, 0.6288429278958504, 0.0324973521680142, 0.38766123625724336, 0.9671529911337446, 0.25376306752419725, 0.6670076577165681, 0.19265302379566296, 0.5282502965884404, 0.5525633928427399, 0.1723642844751329, 0.4796944216266623, 0.16282968148973875, 0.12875879291018544, 0.6613658781482605, 0.26266830879420566, 0.039893374397357094, 0.6810630618320516, 0.6035306227773826, 0.15492091119013243, 0.2007408480472298, 0.9637096271329008, 0.08553898205658761]

X_aleatório_inicial:
[0.9976756558022766, 0.04294347798420428, 0.26353208003631723, 0.4454118662324149, 0.5852272927073836, 0.20618515213293176, 0.38471450643359595, 0.5187142131498959, 0.7544046167171335, 0.3981536008456692, 0.6410379784879743, 0.11549151345226938, 0.0966181640233913, 0.3300556074202138, 0.7425094449238978, 0.44570782243650897, 0.4232659241820137, 0.528477157231433, 0.33896264914898644, 0.26544445297154196, 0.41674161047360914, 0.9514685198187081, 0.9630149183811548, 0.99110876197264, 0.23150706216151562, 0.15190094026054846, 0.450486707631674, 0.43116878538217407, 0.3647117693055544, 0.011225295737183005, 0.11800628983832129, 0.11652449259392772, 0.3297292833275123, 0.5812760925640557, 0.6112032652032996, 0.7898600121509534, 0.1577951445542155, 0.1643135608196874, 0.8947220022830114, 0.6683655639734849, 0.4737241574608799, 0.8735961756147913, 0.4424401872344462, 0.028537644307656818, 0.8416574237394571, 0.09776293290177596, 0.7327151995592286, 0.9132902318441508, 0.36753473484623145, 0.42810968194465904, 0.7356460801537836, 0.4033029531963772, 0.7849073004123888, 0.8884825072508725, 0.7921034105649106, 0.9731386797155593, 0.3927247317875546, 0.08479255569117106, 0.4683927245847158, 0.10009747228790355, 0.4948664078081274, 0.6527178519029361, 0.4779928757075159, 0.49062288938021015, 0.5428740166359945, 0.32703121361196064, 0.23369255265331768, 0.02328483649665425, 0.5028702768777144, 0.3180151519621215, 0.027359144228962462, 0.41690373846472006, 0.8062920397676537, 0.3999728160944581, 0.06635041616941495, 0.8187842628505388, 0.27838760876823576, 0.5897447196255328, 0.5959148062083109, 0.3643091998073046, 0.8816478777279393, 0.7798680732545107, 0.49731832265818, 0.10656059956201458, 0.1894563757065323, 0.6571439568467554, 0.9753437827204644, 0.15617383976940635, 0.15921695328266516, 0.26326956873613017, 0.6288429278958502, 0.03249735216801353, 0.38766123625724747, 0.9671529911337383, 0.25376306752419686, 0.6670076577165676, 0.19265302379566307, 0.5282502965884388, 0.5525633928427396, 0.17236428447513263, 0.4796944216266581, 0.16282968148974164, 0.12875879291018544, 0.6613658781482604, 0.26266830879420566, 0.03989337439735752, 0.6810630618320518, 0.6035306227773832, 0.15492091119013673, 0.20074084804722925, 0.9637096271329009, 0.08553898205658828]

Erro da solução (|Ax - b|): 2.03132663247353e-05
Erro (|Ax - b|)/|b| 1.685945385988053e-16
Erro no vetor x: 5.529375760367044e-12

Tempo de execução: 0.057366132736206055
