Solução x:
[0.9976756558005679, 0.04294347798691667, 0.26353208003635575, 0.44541186623245416, 0.5852272927068651, 0.20618515213447414, 0.3847145064336345, 0.518714213149935, 0.7544046167168899, 0.3981536008469292, 0.6410379784880084, 0.11549151345230232, 0.09661816402339397, 0.33005560742121226, 0.7425094449239273, 0.4457078224365367, 0.42326592418222375, 0.5284771572322106, 0.338962649149011, 0.2654444529715654, 0.41674161047399394, 0.9514685198193049, 0.9630149183811748, 0.9911087619726597, 0.23150706216204914, 0.1519009402609988, 0.45048670763169, 0.431168785382191, 0.3647117693062153, 0.011225295737517385, 0.11800628983833407, 0.11652449259394203, 0.3297292833284059, 0.581276092564187, 0.6112032652033074, 0.7898600121509608, 0.15779514455513843, 0.16431356081978588, 0.8947220022830186, 0.6683655639734907, 0.47372415746120566, 0.873596175614755, 0.44244018723444506, 0.0285376443076445, 0.8416574237396293, 0.09776293290175325, 0.7327151995592277, 0.9132902318441397, 0.36753473484588506, 0.42810968194466636, 0.7356460801537834, 0.4033029531963736, 0.7849073004122044, 0.888482507250823, 0.7921034105649115, 0.9731386797155618, 0.39272473178740586, 0.08479255569111116, 0.46839272458471654, 0.10009747228790614, 0.4948664078080921, 0.6527178519028268, 0.4779928757075167, 0.4906228893802114, 0.5428740166360027, 0.3270312136118245, 0.23369255265331806, 0.02328483649665515, 0.5028702768777494, 0.31801515196198077, 0.027359144228962358, 0.41690373846472106, 0.8062920397677235, 0.39997281609433005, 0.06635041616941417, 0.8187842628505401, 0.2783876087683295, 0.5897447196254267, 0.5959148062083098, 0.3643091998073053, 0.8816478777279466, 0.7798680732545095, 0.49731832265817716, 0.10656059956201146, 0.18945637570639, 0.6571439568468445, 0.9753437827204655, 0.15617383976940688, 0.15921695328262842, 0.2632695687361391, 0.6288429278958503, 0.03249735216801463, 0.3876612362572337, 0.9671529911337436, 0.2537630675241972, 0.6670076577165687, 0.19265302379566082, 0.5282502965884412, 0.5525633928427397, 0.1723642844751335, 0.4796944216266665, 0.16282968148974486, 0.1287587929101854, 0.6613658781482608, 0.26266830879420605, 0.039893374397357094, 0.6810630618320522, 0.603530622777382, 0.154920911190129, 0.20074084804722536, 0.9637096271329014, 0.08553898205658711]

X_aleatório_inicial:
[0.9976756558022766, 0.04294347798420428, 0.26353208003631723, 0.4454118662324149, 0.5852272927073836, 0.20618515213293176, 0.38471450643359595, 0.5187142131498959, 0.7544046167171335, 0.3981536008456692, 0.6410379784879743, 0.11549151345226938, 0.0966181640233913, 0.3300556074202138, 0.7425094449238978, 0.44570782243650897, 0.4232659241820137, 0.528477157231433, 0.33896264914898644, 0.26544445297154196, 0.41674161047360914, 0.9514685198187081, 0.9630149183811548, 0.99110876197264, 0.23150706216151562, 0.15190094026054846, 0.450486707631674, 0.43116878538217407, 0.3647117693055544, 0.011225295737183005, 0.11800628983832129, 0.11652449259392772, 0.3297292833275123, 0.5812760925640557, 0.6112032652032996, 0.7898600121509534, 0.1577951445542155, 0.1643135608196874, 0.8947220022830114, 0.6683655639734849, 0.4737241574608799, 0.8735961756147913, 0.4424401872344462, 0.028537644307656818, 0.8416574237394571, 0.09776293290177596, 0.7327151995592286, 0.9132902318441508, 0.36753473484623145, 0.42810968194465904, 0.7356460801537836, 0.4033029531963772, 0.7849073004123888, 0.8884825072508725, 0.7921034105649106, 0.9731386797155593, 0.3927247317875546, 0.08479255569117106, 0.4683927245847158, 0.10009747228790355, 0.4948664078081274, 0.6527178519029361, 0.4779928757075159, 0.49062288938021015, 0.5428740166359945, 0.32703121361196064, 0.23369255265331768, 0.02328483649665425, 0.5028702768777144, 0.3180151519621215, 0.027359144228962462, 0.41690373846472006, 0.8062920397676537, 0.3999728160944581, 0.06635041616941495, 0.8187842628505388, 0.27838760876823576, 0.5897447196255328, 0.5959148062083109, 0.3643091998073046, 0.8816478777279393, 0.7798680732545107, 0.49731832265818, 0.10656059956201458, 0.1894563757065323, 0.6571439568467554, 0.9753437827204644, 0.15617383976940635, 0.15921695328266516, 0.26326956873613017, 0.6288429278958502, 0.03249735216801353, 0.38766123625724747, 0.9671529911337383, 0.25376306752419686, 0.6670076577165676, 0.19265302379566307, 0.5282502965884388, 0.5525633928427396, 0.17236428447513263, 0.4796944216266581, 0.16282968148974164, 0.12875879291018544, 0.6613658781482604, 0.26266830879420566, 0.03989337439735752, 0.6810630618320518, 0.6035306227773832, 0.15492091119013673, 0.20074084804722925, 0.9637096271329009, 0.08553898205658828]

Erro da solução (|Ax - b|): 5.09904893133195e-06
Erro (|Ax - b|)/|b| 4.2320707469080244e-17
Erro no vetor x: 4.460030770266263e-12

Tempo de execução: 0.05128931999206543
