A matriz é diagonal dominante

Logs intermediários:
Iteração 1: Resíduo relativo = 0.23225837764727086, x = [ 0.09002352  0.22346939  0.14881727  0.38139021  0.75764833  0.05870723
  0.63752767  0.70829642  0.1213054   0.6091859   0.50300012  0.90788075
  0.08742304  0.7260617   0.60751041  0.6069062   0.61299584  0.67151414
  0.2955674   0.48825988  0.90603256  0.51077614  0.13958717  0.68767522
  0.0281664   0.41208475  0.45289723  0.31649933  0.31109619  0.84853285
  0.86629761  0.1980512   0.08661455  0.88677705  0.83478044  0.37766264
  0.36299357  0.74457448  0.75922195  0.59515479  0.72057664  0.44157506
  0.55182712  0.93563687  0.03430013  0.6497884   0.44910655  0.10065638
  0.85435454  0.16283649  0.38104076  0.06174236  0.29621557  0.70247126
  0.87755536  0.68831728  0.04894097  0.51804976  0.27171966  0.34786491
  0.48866897  0.96162835  0.11964129  0.69122773  0.33241406  0.37374189
  0.14134397  0.40016489  0.57709805  0.85301844  0.27664136  0.40465877
  0.64283807  0.84094607  0.82921982  0.62475572  0.64074827  0.0245271
  0.51516262  0.15673576  0.46376368  0.02539743  0.1577541   0.92187084
  0.53456204  0.81704641  0.61763334  0.33668875  0.35736835  0.84988708
  0.61673049  0.88793036  0.33377455  0.32938811  0.14827777  0.15856195
  0.82363165  0.92419495  0.68612336  0.02684544  0.10887705  0.4827391
  0.99794584  0.94944151  0.40292783  0.34466644  0.3162319   0.79695357
  0.19185573  0.03574015  0.24663676  0.13327619  0.39125914  0.41398055
  0.69055175  0.52678787  0.29526888  0.15440951  0.04137776  0.56674097
  0.60814266  0.86495087  0.75727974  0.52849482  0.10076288  0.13469352
  0.81226694  0.54509422  0.08443457  0.37920453  0.50740191  0.99159771
  0.808905    0.87600609  0.64531774  0.63619186  0.18124691  0.05994935
  0.59965217  0.60157447  0.20740011  0.91157134  0.73292068  0.27925682
  0.13091585  0.62968699  0.28134509  0.08520088  0.23755361  0.21848431
  0.23633081  0.95221772  0.42403662  0.67706608  0.43143294  0.49618385
  0.44119166  0.66368875  0.29807909  0.13952443  0.73560161  0.0550949
  0.88646197  0.60291422  0.36031512  0.66909152  0.45430068  0.46829071
  0.63703407  0.28971522  0.65125812  0.55569931  0.05377486  0.62602214
  0.78513222  0.84603702  0.39278425  0.77865455  0.61953469  0.76567648
  0.26638274  0.31161161  0.62151496  0.0187701   0.96959953  0.02142161
  0.65306114  0.14456619  0.58763603  0.29834582  0.96845151  0.95897501
  0.06487279  0.39992     0.16110446  0.28493258  0.46596922  0.51345218
  0.44984473  0.02322625  0.27010595  0.73989497  0.43408813  0.3383676
  0.93711839  0.52782285  0.0043455   0.68989347  0.02029839  0.86459419
  0.57903463  0.12682965  0.77792677  0.25166438  0.56439655  0.89334841
  0.03459362  0.17758219  0.7217775   0.66454453  0.65335813  0.41809926
  0.60762343  0.97125162  0.29465495  0.84189956  0.12667266  0.18017667
  0.19109819  0.91003369  0.7172888   0.95353895  0.61392838  0.9687982
  0.56578035  0.35710904  0.952043    0.36831704  0.59246866  0.25144787
  0.42571082  0.89717526  0.06658719  0.86083831  0.33194486  0.5190903
  0.95681275  0.62725291  0.03273297  0.53927716  0.47888999  0.85487908
  0.83404142  0.07265905  0.1282948   0.10667316  0.08345963  0.15865847
  0.23761606  0.49135481  0.61076915  0.52210521  0.75159486  0.11384284
  0.52515538  0.83679692  0.33438182  0.40782691  0.5210501   0.16330395
 -0.01328344  0.83125803  0.94071742  0.45655455  0.39565952  0.60175597
  0.90767501  0.23618916  0.09723581  0.63385055  0.49872033  0.45585112
  0.08691457  0.09771596  0.26144546  0.12429471  0.85531724  0.14120089
  0.27478515  0.27140938  0.43069159  0.62176536  0.43142934  0.86265126
  0.60357939  0.50507557  0.55355622  0.5514955   0.63835569  0.47576114
  0.03665046  0.44595687  0.6313637   0.09535458  0.08460106  0.02434424
  0.22694405  0.37613206  0.39850805  0.33910768  0.72040524  0.88817611
  0.33731536  0.48475693  0.75222165  0.29080554  0.74687762  0.45980897
  0.39115922  0.59684561  0.34870805  0.37030929  0.10093317  0.88258726
  0.44447039  0.19330601  0.78361399  0.8046665   0.31825459  0.55019201
  0.41910592  0.96456355  1.00902255  0.33477335  0.28256498  0.25019018
  0.51646824  0.17371274  0.69868808  0.05290072  0.30404109  0.99049232
  0.2206138   0.65815329  0.83406812  0.54001691  0.78051416  0.50538507
  0.07151956  0.92152632  0.16348316  0.53152302  0.18643501  0.55123114
  0.52896918  0.65031288  0.93726966  0.7980589   0.42123414  0.03862566
  0.20720668  0.26379021  0.06376525  0.78024227  0.56090223  0.53874159
  0.81279518  0.43696396  0.38887261  0.23798481  0.23567679  0.11479973
  0.13021476  0.78244125  0.31624543  0.41688151  0.41327313  0.20326212
  0.08011991  0.97947391  0.85425504  0.7136753   0.28132408  0.15261421
  0.9182962   0.24165172  0.96172889  0.35036644  0.90133861  0.90739022
  0.30094922  0.34407554  0.52119262  0.64717861  0.10630463  0.5866556
  0.48306451  0.52687117  0.82789106  0.01345799  0.04741341  0.39042727
  0.30590167  0.73161589  0.63089923  0.31130976  0.66660172  0.23986146
  0.4224843   0.65432161  0.83307358  0.26356473  0.29658334  0.24461703
  0.37719514  0.28901134  0.44688391  0.45327163  0.01231951  0.6152331
  0.87591012  0.53982912  0.65225455  0.17213723  0.0511771   0.80570783
  0.150448    0.37919422  0.30519779  0.70111726  0.64155288  0.49574751
  0.45939376  0.46486835  0.08037811  0.31210479  0.18100727  0.1299555
  0.80354463  0.35490048  0.68018325  0.78453146  0.53167213  0.9846177
  0.4376013   0.98482282  0.62007207  0.01972803  0.82364464  0.13623552
  0.7544916   0.30569477  0.77834384  0.07003294  0.40530289  0.87868663
  0.60904403  0.57395268  0.49254068  0.34139575  0.50399958  0.72907058
  0.59408608  0.15229696  0.72877961  0.78149649  0.3337717   0.79703676
  0.94888459  0.59995205  0.4447853   0.88575973  0.91872511  0.08738166
  0.59525672  0.02745987  0.65108162  0.34431804  0.3546434   0.28680575
  0.897371    0.61302691  0.78676843  0.37575473  0.41056627  0.17798474
  0.01677807  0.51509189  0.29142401  0.84539406  0.33552098  0.93962207
  0.03890297  0.32610993  0.32474001  0.89319528  0.00892957  0.00391
  0.51798624  0.73326504]
Iteração 2: Resíduo relativo = 0.004400952027824323, x = [9.05527272e-02 2.22441251e-01 1.32767661e-01 3.81078735e-01
 7.56333126e-01 6.74797868e-02 6.56112684e-01 7.10890604e-01
 1.42274407e-01 6.10196723e-01 5.00956699e-01 9.07846949e-01
 8.09594777e-02 7.32687462e-01 6.05360627e-01 6.11947484e-01
 6.26890199e-01 6.66520459e-01 2.88756609e-01 4.72891955e-01
 9.24416157e-01 5.08682408e-01 1.46958620e-01 6.98020315e-01
 1.93441352e-02 4.08457065e-01 4.31327961e-01 3.08275650e-01
 3.14273114e-01 8.34814024e-01 8.53996370e-01 2.17714399e-01
 8.24572078e-02 8.83320411e-01 8.44499953e-01 3.77865871e-01
 3.74864275e-01 7.55486298e-01 7.49136028e-01 5.71898365e-01
 7.15858382e-01 4.51574772e-01 5.34786358e-01 9.55288529e-01
 2.80788024e-02 6.40856075e-01 4.57246528e-01 9.27743767e-02
 8.40582841e-01 1.68359456e-01 3.78543135e-01 8.05101712e-02
 3.16864261e-01 6.89793142e-01 8.62636821e-01 6.79965164e-01
 7.21986572e-02 5.00999516e-01 2.75724222e-01 3.49506172e-01
 4.82880457e-01 9.73459528e-01 1.06285217e-01 7.04624134e-01
 3.29092111e-01 3.80720134e-01 1.65584678e-01 3.95662943e-01
 5.90360815e-01 8.38589126e-01 2.80497527e-01 4.05716788e-01
 6.27671113e-01 8.51052385e-01 8.27876058e-01 6.24135341e-01
 6.24008019e-01 2.97254305e-02 5.14995759e-01 1.56833940e-01
 4.58533650e-01 1.56548242e-02 1.63401377e-01 9.19470513e-01
 5.37348988e-01 8.04495698e-01 6.17655639e-01 3.48150209e-01
 3.45313174e-01 8.50445172e-01 6.16887837e-01 8.82029092e-01
 3.31609334e-01 3.34129816e-01 1.50668885e-01 1.47678429e-01
 8.14937481e-01 9.41320949e-01 6.87116669e-01 2.88059032e-02
 1.01463200e-01 4.68425046e-01 9.82490025e-01 9.55343168e-01
 4.06336164e-01 3.45277747e-01 3.09676756e-01 7.92535609e-01
 1.84863265e-01 2.34906518e-02 2.31431516e-01 1.38696365e-01
 3.77240060e-01 4.16223054e-01 6.95567612e-01 5.37497180e-01
 2.89552613e-01 1.60518119e-01 4.97735973e-02 5.67844616e-01
 6.26252062e-01 8.54617751e-01 7.64056127e-01 5.21086033e-01
 8.22643672e-02 1.43112576e-01 7.99013011e-01 5.52509291e-01
 8.27824824e-02 3.73900971e-01 5.14442270e-01 9.88221020e-01
 8.09830941e-01 8.97728661e-01 6.39665789e-01 6.42903557e-01
 1.92147711e-01 6.40248765e-02 5.81176432e-01 5.99114969e-01
 2.07041988e-01 9.11924170e-01 7.39073810e-01 2.82702988e-01
 1.37898882e-01 6.32197693e-01 2.89064058e-01 8.19025849e-02
 2.41781308e-01 2.16785819e-01 2.19241011e-01 9.66957064e-01
 4.26934729e-01 6.53666976e-01 4.31911317e-01 4.85518611e-01
 4.59774365e-01 6.70400815e-01 3.08932861e-01 1.46732996e-01
 7.32069308e-01 4.74878605e-02 8.99764392e-01 6.12647995e-01
 3.57781335e-01 6.49535658e-01 4.57887430e-01 4.67400090e-01
 6.32677625e-01 2.94704489e-01 6.53153313e-01 5.33025974e-01
 5.36040200e-02 6.34676809e-01 7.80945516e-01 8.28480135e-01
 3.95331579e-01 7.83421833e-01 6.01717347e-01 7.64137204e-01
 2.72344307e-01 3.14701098e-01 6.24476571e-01 5.82796633e-04
 9.69148099e-01 1.67982278e-02 6.72709696e-01 1.64212169e-01
 5.80268497e-01 2.99095565e-01 9.79786318e-01 9.56619906e-01
 6.75863159e-02 3.88153909e-01 1.44872586e-01 2.92545766e-01
 4.74092725e-01 5.16135162e-01 4.58174681e-01 2.91448179e-02
 2.83824376e-01 7.52045321e-01 4.17838042e-01 3.39463337e-01
 9.61303055e-01 5.23425224e-01 2.01382573e-02 6.88575614e-01
 2.66947960e-02 8.70442052e-01 5.90606512e-01 1.33215124e-01
 7.65900700e-01 2.65236431e-01 5.66528533e-01 8.74722529e-01
 1.86969789e-02 1.72134918e-01 7.20394259e-01 6.59738672e-01
 6.42072288e-01 4.26462212e-01 6.09053927e-01 9.67330920e-01
 3.00323915e-01 8.42298940e-01 1.29127468e-01 1.81510081e-01
 2.09424962e-01 8.84949377e-01 7.18240934e-01 9.57109032e-01
 6.20503849e-01 9.59040301e-01 5.65409512e-01 3.42709771e-01
 9.62895112e-01 3.66368598e-01 5.83528168e-01 2.72409160e-01
 4.40499081e-01 8.96038233e-01 5.99296646e-02 8.52371145e-01
 3.49086209e-01 5.00031725e-01 9.53756549e-01 6.45856829e-01
 4.66145142e-02 5.29915505e-01 4.74501063e-01 8.55155131e-01
 8.33225229e-01 6.36037546e-02 1.27923473e-01 9.93590747e-02
 7.62396634e-02 1.54664531e-01 2.49071017e-01 4.94122547e-01
 6.05652135e-01 5.23151142e-01 7.48328195e-01 1.06229324e-01
 5.04469989e-01 8.48708179e-01 3.36398188e-01 4.06673089e-01
 5.06006831e-01 1.50734849e-01 6.30362566e-03 8.21126942e-01
 9.59000904e-01 4.73219096e-01 3.98917168e-01 5.91238667e-01
 9.10963081e-01 2.48157414e-01 1.01473435e-01 6.39199772e-01
 5.21882415e-01 4.58635944e-01 6.95411266e-02 9.69227304e-02
 2.68598800e-01 1.25760664e-01 8.85432253e-01 1.40964727e-01
 2.80168059e-01 2.73444612e-01 4.27291575e-01 6.27400402e-01
 4.32069719e-01 8.70782716e-01 6.02223786e-01 5.14538888e-01
 5.61622180e-01 5.36786131e-01 6.29417891e-01 4.69982166e-01
 4.56743777e-02 4.44635051e-01 6.29031871e-01 1.01389699e-01
 9.89136724e-02 1.13058397e-02 2.15831802e-01 3.74306379e-01
 3.85543800e-01 3.62768487e-01 7.36615558e-01 9.01350541e-01
 3.19489594e-01 4.71635929e-01 7.55423733e-01 2.94801601e-01
 7.54784169e-01 4.45652662e-01 3.86890573e-01 6.08484675e-01
 3.30666298e-01 3.72078235e-01 1.00962559e-01 8.98911121e-01
 4.33567935e-01 2.04311932e-01 7.90610424e-01 8.00954375e-01
 3.31459883e-01 5.59544112e-01 4.14063649e-01 9.77343018e-01
 9.78439050e-01 3.29732357e-01 2.89519595e-01 2.53707039e-01
 5.05444452e-01 1.66927026e-01 7.01757678e-01 4.20057550e-02
 3.03309091e-01 9.91927543e-01 2.18957839e-01 6.57281954e-01
 8.38911967e-01 5.31968650e-01 7.68420707e-01 4.93412885e-01
 6.79355378e-02 9.32868961e-01 1.46925709e-01 5.33385963e-01
 1.79290484e-01 5.64826864e-01 5.32943949e-01 6.54759641e-01
 9.35390234e-01 8.10304786e-01 3.94781521e-01 5.42010220e-02
 2.31387252e-01 2.59905800e-01 7.53573823e-02 7.71494139e-01
 5.70062603e-01 5.49954939e-01 8.05467641e-01 4.27944106e-01
 3.63482779e-01 2.32353710e-01 2.41464467e-01 1.22238698e-01
 1.23640479e-01 7.81916350e-01 3.12490626e-01 4.17723896e-01
 3.91842062e-01 2.03424823e-01 7.12984373e-02 9.86065163e-01
 8.51177854e-01 7.19844157e-01 2.75842620e-01 1.53850873e-01
 9.15759853e-01 2.50901501e-01 9.56058164e-01 3.35035474e-01
 8.75249943e-01 9.07232471e-01 3.05087136e-01 3.49384026e-01
 5.35572034e-01 6.39805958e-01 1.20577855e-01 5.86212824e-01
 4.97576040e-01 5.43646827e-01 8.28034188e-01 4.88803897e-03
 4.16148342e-02 4.04987257e-01 2.93392891e-01 7.26556084e-01
 6.39228885e-01 3.18848870e-01 6.56622913e-01 2.39479380e-01
 4.09922088e-01 6.59741813e-01 8.29824691e-01 2.58405660e-01
 2.87548642e-01 2.46332226e-01 3.78841930e-01 2.88132162e-01
 4.46313155e-01 4.69994972e-01 4.22789136e-03 6.12873913e-01
 8.78212391e-01 5.55408820e-01 6.60129560e-01 1.71411226e-01
 5.98627001e-02 8.00426983e-01 1.37627298e-01 3.79403668e-01
 3.09335364e-01 7.02705823e-01 6.50081746e-01 4.95214009e-01
 4.56175261e-01 4.56591541e-01 9.13283802e-02 2.96073353e-01
 1.77885949e-01 1.24014121e-01 8.02593760e-01 3.54125554e-01
 6.72956925e-01 7.77901028e-01 5.33613056e-01 9.91358792e-01
 4.43711663e-01 9.71894150e-01 6.24317273e-01 1.47964208e-02
 8.27101819e-01 1.45800009e-01 7.51834999e-01 3.21274567e-01
 7.72592410e-01 6.74121461e-02 3.84051336e-01 8.66532759e-01
 5.99653549e-01 5.73129033e-01 4.94645451e-01 3.43265007e-01
 5.05014934e-01 7.15554166e-01 5.93080995e-01 1.38071977e-01
 7.40452837e-01 7.85566253e-01 3.27136236e-01 8.04407817e-01
 9.63776570e-01 5.84530288e-01 4.25146981e-01 8.89064598e-01
 9.23103843e-01 7.71505618e-02 6.12259646e-01 2.81858360e-02
 6.34655508e-01 3.39636476e-01 3.47746788e-01 2.84480793e-01
 9.15165353e-01 5.99557822e-01 7.97767885e-01 3.87297012e-01
 3.92988135e-01 1.88005489e-01 5.56645359e-03 5.20724759e-01
 2.89329082e-01 8.56718507e-01 3.28805689e-01 9.42372542e-01
 1.27958990e-02 3.20197690e-01 3.23773971e-01 8.89755015e-01
 1.13858762e-02 2.98040622e-03 5.27455951e-01 7.32233247e-01]
Iteração 3: Resíduo relativo = 8.139687057724459e-05, x = [9.08464242e-02 2.22547608e-01 1.32340168e-01 3.81160014e-01
 7.56540419e-01 6.76584987e-02 6.55989886e-01 7.10884708e-01
 1.42077044e-01 6.10659901e-01 5.00803373e-01 9.08036507e-01
 8.06800586e-02 7.32708277e-01 6.05456050e-01 6.11654138e-01
 6.26754185e-01 6.66366801e-01 2.88879622e-01 4.72943682e-01
 9.24645913e-01 5.08649452e-01 1.47164786e-01 6.98057865e-01
 1.96673391e-02 4.08314843e-01 4.31119338e-01 3.08151013e-01
 3.14110132e-01 8.34880240e-01 8.54184896e-01 2.17712773e-01
 8.24105603e-02 8.83296311e-01 8.44421074e-01 3.78028359e-01
 3.74957852e-01 7.55244871e-01 7.49220932e-01 5.71800587e-01
 7.15684321e-01 4.51702362e-01 5.34931861e-01 9.55679040e-01
 2.82941456e-02 6.40666674e-01 4.57310449e-01 9.25954604e-02
 8.40526761e-01 1.68609985e-01 3.78724374e-01 8.05051154e-02
 3.16548370e-01 6.89879656e-01 8.62514953e-01 6.79838706e-01
 7.19241417e-02 5.00968906e-01 2.75600841e-01 3.49388539e-01
 4.83096646e-01 9.73289732e-01 1.05971940e-01 7.04507536e-01
 3.29171924e-01 3.80351255e-01 1.65612590e-01 3.95528284e-01
 5.90628887e-01 8.38285394e-01 2.80305023e-01 4.05528731e-01
 6.27677533e-01 8.50958324e-01 8.27880721e-01 6.24193569e-01
 6.23950646e-01 2.94630338e-02 5.15218746e-01 1.56912666e-01
 4.58098624e-01 1.53317775e-02 1.63745067e-01 9.19414697e-01
 5.37336510e-01 8.04672160e-01 6.17811624e-01 3.48273027e-01
 3.45145406e-01 8.50330709e-01 6.17131331e-01 8.81787240e-01
 3.31649062e-01 3.34223265e-01 1.50815972e-01 1.47651945e-01
 8.15000223e-01 9.41353792e-01 6.87154590e-01 2.90615786e-02
 1.01191147e-01 4.68628101e-01 9.82520493e-01 9.55312117e-01
 4.06462049e-01 3.45456507e-01 3.09899236e-01 7.92670861e-01
 1.84853622e-01 2.34443041e-02 2.31465426e-01 1.38242623e-01
 3.77145552e-01 4.16170992e-01 6.95485285e-01 5.37445703e-01
 2.89201706e-01 1.60417164e-01 5.00199863e-02 5.67848628e-01
 6.26263075e-01 8.54398805e-01 7.64041918e-01 5.21286093e-01
 8.23569119e-02 1.42928892e-01 7.98803439e-01 5.52243028e-01
 8.28334465e-02 3.74028220e-01 5.14701717e-01 9.88155293e-01
 8.10024817e-01 8.97246599e-01 6.39777443e-01 6.42660846e-01
 1.92150320e-01 6.43341183e-02 5.81527130e-01 5.99006979e-01
 2.07134483e-01 9.12081623e-01 7.38743997e-01 2.82760297e-01
 1.37558568e-01 6.32062978e-01 2.89122574e-01 8.18899715e-02
 2.41964368e-01 2.16949123e-01 2.19418825e-01 9.66824525e-01
 4.26691018e-01 6.53668377e-01 4.31698713e-01 4.85428908e-01
 4.60053685e-01 6.70463036e-01 3.09060293e-01 1.46745624e-01
 7.32295946e-01 4.75623105e-02 8.99864805e-01 6.12764906e-01
 3.57961720e-01 6.49700654e-01 4.57983333e-01 4.67040813e-01
 6.32705589e-01 2.94789318e-01 6.53153865e-01 5.33105730e-01
 5.38472586e-02 6.34786761e-01 7.80786055e-01 8.28247362e-01
 3.95450291e-01 7.83379577e-01 6.02136784e-01 7.64384317e-01
 2.72015213e-01 3.14869789e-01 6.24403492e-01 6.39221506e-04
 9.68855908e-01 1.67532004e-02 6.72488391e-01 1.64043695e-01
 5.80455107e-01 2.99045254e-01 9.79794898e-01 9.56689972e-01
 6.77580415e-02 3.88370557e-01 1.44871340e-01 2.92808148e-01
 4.74535398e-01 5.16386938e-01 4.58043808e-01 2.88937886e-02
 2.83797933e-01 7.52159020e-01 4.17617750e-01 3.39281742e-01
 9.61274122e-01 5.23367041e-01 2.00158624e-02 6.88554996e-01
 2.64501676e-02 8.70404444e-01 5.90855469e-01 1.33327436e-01
 7.65973606e-01 2.65308471e-01 5.66671766e-01 8.74703505e-01
 1.86744566e-02 1.72153100e-01 7.20754105e-01 6.59572381e-01
 6.42173472e-01 4.26673324e-01 6.08711558e-01 9.67416447e-01
 3.00465105e-01 8.42520988e-01 1.28885962e-01 1.81616641e-01
 2.09067473e-01 8.84701384e-01 7.18267607e-01 9.57108200e-01
 6.20059053e-01 9.58945010e-01 5.65523258e-01 3.42548739e-01
 9.62558093e-01 3.65876914e-01 5.83383704e-01 2.72207528e-01
 4.40444571e-01 8.96164166e-01 6.01056174e-02 8.52483251e-01
 3.49079263e-01 4.99982781e-01 9.53678355e-01 6.46152213e-01
 4.63374652e-02 5.29620226e-01 4.74600698e-01 8.55427357e-01
 8.33262068e-01 6.36756316e-02 1.27807656e-01 9.90965974e-02
 7.64381181e-02 1.54909724e-01 2.49202047e-01 4.94372933e-01
 6.05793042e-01 5.22973074e-01 7.48496199e-01 1.06490455e-01
 5.04346234e-01 8.48955223e-01 3.36697378e-01 4.06737268e-01
 5.06022862e-01 1.50676783e-01 6.71408577e-03 8.21138004e-01
 9.59094947e-01 4.73698429e-01 3.99099009e-01 5.91272321e-01
 9.10984348e-01 2.48114796e-01 1.01416190e-01 6.39174473e-01
 5.21701083e-01 4.58495683e-01 6.96657824e-02 9.68061847e-02
 2.68215528e-01 1.25772668e-01 8.85312382e-01 1.41255945e-01
 2.80252558e-01 2.73751646e-01 4.27373679e-01 6.27633543e-01
 4.31900874e-01 8.71161968e-01 6.02073675e-01 5.14427964e-01
 5.61655981e-01 5.36303191e-01 6.28918539e-01 4.69963493e-01
 4.51451222e-02 4.44562317e-01 6.28961147e-01 1.01097513e-01
 9.88809567e-02 1.11017216e-02 2.16108616e-01 3.74635592e-01
 3.85691517e-01 3.62664009e-01 7.36756882e-01 9.02048907e-01
 3.19636386e-01 4.71787074e-01 7.55405485e-01 2.94703251e-01
 7.55113847e-01 4.45476889e-01 3.86942099e-01 6.08392075e-01
 3.30580506e-01 3.72069640e-01 1.01407890e-01 8.98961389e-01
 4.33525110e-01 2.04391123e-01 7.90902084e-01 8.00737424e-01
 3.31739552e-01 5.59466934e-01 4.14241170e-01 9.77136561e-01
 9.78534664e-01 3.29643194e-01 2.89694848e-01 2.53486166e-01
 5.05568356e-01 1.67016329e-01 7.01945642e-01 4.20112796e-02
 3.03266765e-01 9.91887786e-01 2.18811744e-01 6.57302099e-01
 8.38635702e-01 5.31972070e-01 7.68564853e-01 4.93637593e-01
 6.78468362e-02 9.33007142e-01 1.46852326e-01 5.33446289e-01
 1.79341335e-01 5.64970165e-01 5.32921451e-01 6.54517079e-01
 9.35431296e-01 8.10246086e-01 3.94577711e-01 5.40584049e-02
 2.31420227e-01 2.60142006e-01 7.52084785e-02 7.71388169e-01
 5.70122751e-01 5.49926188e-01 8.05484780e-01 4.28113430e-01
 3.63363730e-01 2.32483841e-01 2.41534926e-01 1.22539236e-01
 1.23780074e-01 7.81906949e-01 3.12012942e-01 4.17738325e-01
 3.91829831e-01 2.03535653e-01 7.10453489e-02 9.86016548e-01
 8.51166494e-01 7.19972573e-01 2.75438403e-01 1.53863780e-01
 9.15948534e-01 2.51292875e-01 9.56025245e-01 3.35301176e-01
 8.75378472e-01 9.07397093e-01 3.05269965e-01 3.49398471e-01
 5.35623127e-01 6.40011951e-01 1.20542035e-01 5.86459333e-01
 4.97142017e-01 5.43751376e-01 8.27726560e-01 4.96115013e-03
 4.17031922e-02 4.05020240e-01 2.93461565e-01 7.26608943e-01
 6.38946059e-01 3.18965360e-01 6.56549048e-01 2.39310290e-01
 4.09749069e-01 6.60137545e-01 8.29829622e-01 2.58396047e-01
 2.87567384e-01 2.46436749e-01 3.79058523e-01 2.88093251e-01
 4.46171240e-01 4.70112674e-01 4.00068331e-03 6.12504719e-01
 8.78432196e-01 5.55206563e-01 6.60171853e-01 1.71526702e-01
 5.99297463e-02 8.00420967e-01 1.37750109e-01 3.79000989e-01
 3.09372407e-01 7.02808413e-01 6.49856624e-01 4.95169860e-01
 4.55950200e-01 4.56307079e-01 9.13029587e-02 2.95846196e-01
 1.78008075e-01 1.24287863e-01 8.02730682e-01 3.53956742e-01
 6.73287651e-01 7.77901040e-01 5.33549339e-01 9.91677666e-01
 4.43949386e-01 9.72160466e-01 6.23972851e-01 1.49019847e-02
 8.27438568e-01 1.46017059e-01 7.52101915e-01 3.20938313e-01
 7.72737453e-01 6.71740966e-02 3.83793987e-01 8.66946280e-01
 5.99617417e-01 5.73252950e-01 4.94654628e-01 3.43266876e-01
 5.05093997e-01 7.15750937e-01 5.93117742e-01 1.38023029e-01
 7.40426698e-01 7.85397579e-01 3.26901395e-01 8.04701792e-01
 9.63758551e-01 5.84562205e-01 4.24897526e-01 8.89211310e-01
 9.23181486e-01 7.69520320e-02 6.12110300e-01 2.83764472e-02
 6.34446102e-01 3.39555502e-01 3.47489676e-01 2.84343431e-01
 9.15138598e-01 5.99835378e-01 7.97374801e-01 3.87168568e-01
 3.93120561e-01 1.88145539e-01 5.13061174e-03 5.20822663e-01
 2.89257485e-01 8.56891839e-01 3.28895978e-01 9.42351140e-01
 1.29706382e-02 3.19737130e-01 3.23806369e-01 8.89619946e-01
 1.18019016e-02 3.13082124e-03 5.27710045e-01 7.32201370e-01]
Iteração 4: Resíduo relativo = 1.5468291498594624e-06, x = [9.08458396e-02 2.22549118e-01 1.32332080e-01 3.81157075e-01
 7.56541107e-01 6.76634417e-02 6.55989132e-01 7.10888358e-01
 1.42078347e-01 6.10659302e-01 5.00804983e-01 9.08041618e-01
 8.06807545e-02 7.32709822e-01 6.05459961e-01 6.11659275e-01
 6.26754354e-01 6.66365653e-01 2.88873270e-01 4.72942232e-01
 9.24640856e-01 5.08648534e-01 1.47163047e-01 6.98052473e-01
 1.96671692e-02 4.08316555e-01 4.31118880e-01 3.08152155e-01
 3.14109135e-01 8.34887306e-01 8.54185380e-01 2.17716811e-01
 8.24059000e-02 8.83297228e-01 8.44423148e-01 3.78025278e-01
 3.74957282e-01 7.55240938e-01 7.49223089e-01 5.71804450e-01
 7.15684287e-01 4.51704686e-01 5.34931586e-01 9.55685462e-01
 2.82946984e-02 6.40669361e-01 4.57309117e-01 9.25973930e-02
 8.40529052e-01 1.68610727e-01 3.78723549e-01 8.05004618e-02
 3.16544180e-01 6.89881663e-01 8.62517151e-01 6.79841522e-01
 7.19291648e-02 5.00968568e-01 2.75592143e-01 3.49391221e-01
 4.83094922e-01 9.73285535e-01 1.05973990e-01 7.04510162e-01
 3.29168022e-01 3.80354864e-01 1.65609685e-01 3.95527685e-01
 5.90627678e-01 8.38283830e-01 2.80303590e-01 4.05531055e-01
 6.27682556e-01 8.50954254e-01 8.27885094e-01 6.24191798e-01
 6.23947722e-01 2.94646916e-02 5.15217755e-01 1.56913442e-01
 4.58094635e-01 1.53406180e-02 1.63752845e-01 9.19414079e-01
 5.37337710e-01 8.04676487e-01 6.17809453e-01 3.48271535e-01
 3.45144859e-01 8.50329452e-01 6.17128496e-01 8.81790137e-01
 3.31653221e-01 3.34221233e-01 1.50818837e-01 1.47650021e-01
 8.15004857e-01 9.41353221e-01 6.87151116e-01 2.90590609e-02
 1.01188542e-01 4.68633012e-01 9.82525794e-01 9.55311375e-01
 4.06458738e-01 3.45456786e-01 3.09900273e-01 7.92669336e-01
 1.84865596e-01 2.34433418e-02 2.31467461e-01 1.38245561e-01
 3.77142196e-01 4.16170781e-01 6.95480339e-01 5.37439875e-01
 2.89198863e-01 1.60413059e-01 5.00194953e-02 5.67845492e-01
 6.26266502e-01 8.54394494e-01 7.64038822e-01 5.21281548e-01
 8.23610362e-02 1.42931447e-01 7.98804553e-01 5.52244290e-01
 8.28339298e-02 3.74030820e-01 5.14693546e-01 9.88159727e-01
 8.10023837e-01 8.97247258e-01 6.39780350e-01 6.42659502e-01
 1.92146884e-01 6.43306465e-02 5.81530907e-01 5.99007622e-01
 2.07136861e-01 9.12085490e-01 7.38739650e-01 2.82766802e-01
 1.37554920e-01 6.32058875e-01 2.89122748e-01 8.18910526e-02
 2.41964492e-01 2.16948187e-01 2.19418558e-01 9.66820113e-01
 4.26693773e-01 6.53661558e-01 4.31698169e-01 4.85432745e-01
 4.60059361e-01 6.70457051e-01 3.09062436e-01 1.46743194e-01
 7.32295136e-01 4.75622164e-02 8.99861468e-01 6.12762577e-01
 3.57964930e-01 6.49699988e-01 4.57985621e-01 4.67038543e-01
 6.32707263e-01 2.94787202e-01 6.53154769e-01 5.33105812e-01
 5.38496829e-02 6.34783621e-01 7.80780961e-01 8.28246407e-01
 3.95449364e-01 7.83382527e-01 6.02141207e-01 7.64383095e-01
 2.72007768e-01 3.14869704e-01 6.24404081e-01 6.40763057e-04
 9.68859574e-01 1.67523997e-02 6.72491195e-01 1.64045614e-01
 5.80456489e-01 2.99047180e-01 9.79793099e-01 9.56691863e-01
 6.77636806e-02 3.88370120e-01 1.44859817e-01 2.92810546e-01
 4.74541717e-01 5.16383208e-01 4.58039700e-01 2.88919653e-02
 2.83791890e-01 7.52158846e-01 4.17622849e-01 3.39273004e-01
 9.61275112e-01 5.23365987e-01 2.00137878e-02 6.88555426e-01
 2.64446206e-02 8.70409543e-01 5.90850044e-01 1.33325628e-01
 7.65970851e-01 2.65313884e-01 5.66666778e-01 8.74704034e-01
 1.86735356e-02 1.72148029e-01 7.20757919e-01 6.59568660e-01
 6.42175043e-01 4.26679050e-01 6.08713066e-01 9.67416372e-01
 3.00464942e-01 8.42521818e-01 1.28887020e-01 1.81619188e-01
 2.09072318e-01 8.84703250e-01 7.18272664e-01 9.57110889e-01
 6.20065294e-01 9.58948015e-01 5.65520746e-01 3.42550228e-01
 9.62558031e-01 3.65883224e-01 5.83385781e-01 2.72212704e-01
 4.40446963e-01 8.96164480e-01 6.01083406e-02 8.52487157e-01
 3.49073619e-01 4.99985989e-01 9.53680434e-01 6.46150109e-01
 4.63344111e-02 5.29617404e-01 4.74594673e-01 8.55429152e-01
 8.33263233e-01 6.36762771e-02 1.27806880e-01 9.90878934e-02
 7.64358064e-02 1.54905257e-01 2.49198316e-01 4.94374812e-01
 6.05793453e-01 5.22970558e-01 7.48497028e-01 1.06491184e-01
 5.04347566e-01 8.48953700e-01 3.36696501e-01 4.06735515e-01
 5.06027108e-01 1.50669473e-01 6.71029389e-03 8.21137586e-01
 9.59090838e-01 4.73700270e-01 3.99096532e-01 5.91271039e-01
 9.10986250e-01 2.48116636e-01 1.01414219e-01 6.39172615e-01
 5.21710739e-01 4.58494500e-01 6.96652944e-02 9.68049017e-02
 2.68216376e-01 1.25774531e-01 8.85313232e-01 1.41255612e-01
 2.80251602e-01 2.73751131e-01 4.27374572e-01 6.27635607e-01
 4.31901987e-01 8.71163246e-01 6.02073289e-01 5.14427245e-01
 5.61653494e-01 5.36298684e-01 6.28917319e-01 4.69960931e-01
 4.51463866e-02 4.44561163e-01 6.28958480e-01 1.01096288e-01
 9.88813143e-02 1.11002096e-02 2.16104426e-01 3.74637088e-01
 3.85684866e-01 3.62673704e-01 7.36756266e-01 9.02049792e-01
 3.19635912e-01 4.71783615e-01 7.55406363e-01 2.94706160e-01
 7.55113601e-01 4.45470923e-01 3.86942412e-01 6.08390619e-01
 3.30583402e-01 3.72071655e-01 1.01409512e-01 8.98956200e-01
 4.33519038e-01 2.04388681e-01 7.90902065e-01 8.00734207e-01
 3.31739943e-01 5.59463252e-01 4.14231994e-01 9.77139266e-01
 9.78534519e-01 3.29644041e-01 2.89692721e-01 2.53485676e-01
 5.05566041e-01 1.67012530e-01 7.01947089e-01 4.20132991e-02
 3.03266282e-01 9.91885305e-01 2.18814327e-01 6.57299635e-01
 8.38638074e-01 5.31973522e-01 7.68571875e-01 4.93642106e-01
 6.78523487e-02 9.33007475e-01 1.46856683e-01 5.33447310e-01
 1.79342223e-01 5.64967310e-01 5.32921325e-01 6.54513816e-01
 9.35434713e-01 8.10250489e-01 3.94573445e-01 5.40599340e-02
 2.31421166e-01 2.60140991e-01 7.52165477e-02 7.71388412e-01
 5.70126224e-01 5.49919280e-01 8.05478139e-01 4.28116276e-01
 3.63358826e-01 2.32484588e-01 2.41537891e-01 1.22540743e-01
 1.23778784e-01 7.81912664e-01 3.12017009e-01 4.17737081e-01
 3.91817308e-01 2.03540230e-01 7.10476063e-02 9.86026372e-01
 8.51164872e-01 7.19977851e-01 2.75436448e-01 1.53866281e-01
 9.15951924e-01 2.51295189e-01 9.56028600e-01 3.35303940e-01
 8.75376911e-01 9.07398734e-01 3.05269677e-01 3.49399458e-01
 5.35625408e-01 6.40008955e-01 1.20539601e-01 5.86463436e-01
 4.97143959e-01 5.43754671e-01 8.27726718e-01 4.95472165e-03
 4.17054067e-02 4.05022061e-01 2.93469044e-01 7.26615640e-01
 6.38948039e-01 3.18963377e-01 6.56550410e-01 2.39311252e-01
 4.09755894e-01 6.60132122e-01 8.29835360e-01 2.58399678e-01
 2.87566448e-01 2.46433593e-01 3.79061094e-01 2.88089986e-01
 4.46167998e-01 4.70121283e-01 4.00537377e-03 6.12505410e-01
 8.78433765e-01 5.55204751e-01 6.60169034e-01 1.71524014e-01
 5.99319394e-02 8.00424736e-01 1.37749698e-01 3.78999071e-01
 3.09374676e-01 7.02808385e-01 6.49860280e-01 4.95167252e-01
 4.55941221e-01 4.56301228e-01 9.13029356e-02 2.95839600e-01
 1.78010441e-01 1.24293277e-01 8.02729649e-01 3.53955942e-01
 6.73288466e-01 7.77902943e-01 5.33549351e-01 9.91680179e-01
 4.43949028e-01 9.72150916e-01 6.23971996e-01 1.49014232e-02
 8.27437851e-01 1.46013780e-01 7.52103352e-01 3.20947516e-01
 7.72736833e-01 6.71879220e-02 3.83788744e-01 8.66946603e-01
 5.99621817e-01 5.73253342e-01 4.94647976e-01 3.43265502e-01
 5.05092371e-01 7.15756141e-01 5.93118772e-01 1.38022514e-01
 7.40423124e-01 7.85400909e-01 3.26896130e-01 8.04696418e-01
 9.63752326e-01 5.84567872e-01 4.24898745e-01 8.89211032e-01
 9.23177745e-01 7.69484131e-02 6.12107359e-01 2.83777412e-02
 6.34457179e-01 3.39558345e-01 3.47492131e-01 2.84348128e-01
 9.15138289e-01 5.99835678e-01 7.97372495e-01 3.87165985e-01
 3.93121683e-01 1.88141353e-01 5.13204048e-03 5.20822039e-01
 2.89252964e-01 8.56888001e-01 3.28896026e-01 9.42344335e-01
 1.29726198e-02 3.19734646e-01 3.23810232e-01 8.89626946e-01
 1.18014659e-02 3.13253960e-03 5.27709455e-01 7.32199667e-01]
Iteração 5: Resíduo relativo = 2.914342644816522e-08, x = [9.08457401e-02 2.22548993e-01 1.32332082e-01 3.81157029e-01
 7.56541131e-01 6.76634666e-02 6.55989042e-01 7.10888381e-01
 1.42078515e-01 6.10659305e-01 5.00804958e-01 9.08041654e-01
 8.06808800e-02 7.32709856e-01 6.05460045e-01 6.11659326e-01
 6.26754267e-01 6.66365659e-01 2.88873341e-01 4.72942311e-01
 9.24640798e-01 5.08648611e-01 1.47162984e-01 6.98052411e-01
 1.96672250e-02 4.08316618e-01 4.31118865e-01 3.08152327e-01
 3.14109144e-01 8.34887324e-01 8.54185333e-01 2.17716759e-01
 8.24058328e-02 8.83297205e-01 8.44423159e-01 3.78025290e-01
 3.74957346e-01 7.55240881e-01 7.49223018e-01 5.71804483e-01
 7.15684342e-01 4.51704576e-01 5.34931547e-01 9.55685583e-01
 2.82946361e-02 6.40669383e-01 4.57309123e-01 9.25974246e-02
 8.40529059e-01 1.68610738e-01 3.78723516e-01 8.05004147e-02
 3.16544168e-01 6.89881599e-01 8.62517212e-01 6.79841531e-01
 7.19290324e-02 5.00968466e-01 2.75592205e-01 3.49391251e-01
 4.83094813e-01 9.73285589e-01 1.05974023e-01 7.04510154e-01
 3.29168067e-01 3.80354848e-01 1.65609757e-01 3.95527647e-01
 5.90627625e-01 8.38283821e-01 2.80303712e-01 4.05531024e-01
 6.27682519e-01 8.50954296e-01 8.27885204e-01 6.24191743e-01
 6.23947665e-01 2.94647647e-02 5.15217711e-01 1.56913455e-01
 4.58094784e-01 1.53406504e-02 1.63752977e-01 9.19414038e-01
 5.37337715e-01 8.04676437e-01 6.17809372e-01 3.48271628e-01
 3.45144816e-01 8.50329507e-01 6.17128468e-01 8.81790244e-01
 3.31653159e-01 3.34221301e-01 1.50818781e-01 1.47650006e-01
 8.15004830e-01 9.41353166e-01 6.87151090e-01 2.90590820e-02
 1.01188523e-01 4.68632974e-01 9.82525770e-01 9.55311416e-01
 4.06458847e-01 3.45456794e-01 3.09900249e-01 7.92669341e-01
 1.84865525e-01 2.34433996e-02 2.31467474e-01 1.38245546e-01
 3.77142203e-01 4.16170766e-01 6.95480418e-01 5.37439911e-01
 2.89198689e-01 1.60413157e-01 5.00194443e-02 5.67845536e-01
 6.26266425e-01 8.54394398e-01 7.64038921e-01 5.21281495e-01
 8.23609584e-02 1.42931419e-01 7.98804513e-01 5.52244282e-01
 8.28339997e-02 3.74030712e-01 5.14693547e-01 9.88159803e-01
 8.10023852e-01 8.97247034e-01 6.39780326e-01 6.42659411e-01
 1.92146838e-01 6.43305829e-02 5.81530933e-01 5.99007694e-01
 2.07136855e-01 9.12085445e-01 7.38739725e-01 2.82766878e-01
 1.37555027e-01 6.32058841e-01 2.89122682e-01 8.18910336e-02
 2.41964513e-01 2.16948148e-01 2.19418651e-01 9.66819970e-01
 4.26693737e-01 6.53661632e-01 4.31698212e-01 4.85432757e-01
 4.60059487e-01 6.70457058e-01 3.09062500e-01 1.46743218e-01
 7.32295116e-01 4.75621896e-02 8.99861505e-01 6.12762591e-01
 3.57964951e-01 6.49700044e-01 4.57985594e-01 4.67038427e-01
 6.32707250e-01 2.94787056e-01 6.53154854e-01 5.33105851e-01
 5.38497519e-02 6.34783583e-01 7.80780924e-01 8.28246420e-01
 3.95449287e-01 7.83382499e-01 6.02141389e-01 7.64383076e-01
 2.72007776e-01 3.14869667e-01 6.24404096e-01 6.40727941e-04
 9.68859432e-01 1.67525494e-02 6.72491212e-01 1.64045682e-01
 5.80456453e-01 2.99047176e-01 9.79793036e-01 9.56691808e-01
 6.77637535e-02 3.88370116e-01 1.44859748e-01 2.92810539e-01
 4.74541804e-01 5.16383111e-01 4.58039727e-01 2.88920196e-02
 2.83791878e-01 7.52158793e-01 4.17622916e-01 3.39273106e-01
 9.61275130e-01 5.23365931e-01 2.00138503e-02 6.88555431e-01
 2.64446243e-02 8.70409612e-01 5.90850034e-01 1.33325699e-01
 7.65970886e-01 2.65313830e-01 5.66666799e-01 8.74704061e-01
 1.86736306e-02 1.72148061e-01 7.20757876e-01 6.59568720e-01
 6.42174989e-01 4.26679004e-01 6.08713173e-01 9.67416472e-01
 3.00464982e-01 8.42521837e-01 1.28887033e-01 1.81619247e-01
 2.09072119e-01 8.84703235e-01 7.18272530e-01 9.57110850e-01
 6.20065296e-01 9.58948112e-01 5.65520737e-01 3.42550225e-01
 9.62558151e-01 3.65883211e-01 5.83385793e-01 2.72212453e-01
 4.40447096e-01 8.96164571e-01 6.01083762e-02 8.52487192e-01
 3.49073520e-01 4.99985972e-01 9.53680571e-01 6.46150025e-01
 4.63343995e-02 5.29617430e-01 4.74594753e-01 8.55429133e-01
 8.33263283e-01 6.36762560e-02 1.27807022e-01 9.90878585e-02
 7.64358490e-02 1.54905224e-01 2.49198317e-01 4.94374818e-01
 6.05793435e-01 5.22970640e-01 7.48496965e-01 1.06491067e-01
 5.04347639e-01 8.48953737e-01 3.36696441e-01 4.06735491e-01
 5.06027068e-01 1.50669493e-01 6.71030889e-03 8.21137624e-01
 9.59090794e-01 4.73700272e-01 3.99096499e-01 5.91271058e-01
 9.10986232e-01 2.48116615e-01 1.01414301e-01 6.39172590e-01
 5.21710769e-01 4.58494415e-01 6.96652603e-02 9.68049175e-02
 2.68216441e-01 1.25774539e-01 8.85313307e-01 1.41255649e-01
 2.80251628e-01 2.73751170e-01 4.27374540e-01 6.27635697e-01
 4.31901960e-01 8.71163259e-01 6.02073293e-01 5.14427180e-01
 5.61653569e-01 5.36298593e-01 6.28917455e-01 4.69960858e-01
 4.51461934e-02 4.44561130e-01 6.28958587e-01 1.01096309e-01
 9.88812117e-02 1.11002267e-02 2.16104396e-01 3.74637040e-01
 3.85684961e-01 3.62673857e-01 7.36756250e-01 9.02049843e-01
 3.19635884e-01 4.71783579e-01 7.55406351e-01 2.94706223e-01
 7.55113582e-01 4.45470839e-01 3.86942418e-01 6.08390487e-01
 3.30583414e-01 3.72071609e-01 1.01409363e-01 8.98956169e-01
 4.33519077e-01 2.04388750e-01 7.90902054e-01 8.00734162e-01
 3.31740023e-01 5.59463420e-01 4.14231955e-01 9.77139303e-01
 9.78534514e-01 3.29644103e-01 2.89692671e-01 2.53485768e-01
 5.05566012e-01 1.67012541e-01 7.01947027e-01 4.20133180e-02
 3.03266345e-01 9.91885378e-01 2.18814382e-01 6.57299727e-01
 8.38638152e-01 5.31973526e-01 7.68571906e-01 4.93642062e-01
 6.78523023e-02 9.33007553e-01 1.46856714e-01 5.33447287e-01
 1.79342211e-01 5.64967430e-01 5.32921253e-01 6.54513836e-01
 9.35434695e-01 8.10250515e-01 3.94573432e-01 5.40599907e-02
 2.31421195e-01 2.60141003e-01 7.52165194e-02 7.71388462e-01
 5.70126221e-01 5.49919263e-01 8.05478199e-01 4.28116243e-01
 3.63358892e-01 2.32484523e-01 2.41537975e-01 1.22540749e-01
 1.23778719e-01 7.81912692e-01 3.12016999e-01 4.17737172e-01
 3.91817459e-01 2.03540339e-01 7.10475679e-02 9.86026445e-01
 8.51164814e-01 7.19977744e-01 2.75436427e-01 1.53866375e-01
 9.15951816e-01 2.51295151e-01 9.56028516e-01 3.35304012e-01
 8.75376996e-01 9.07398706e-01 3.05269789e-01 3.49399483e-01
 5.35625390e-01 6.40008950e-01 1.20539720e-01 5.86463551e-01
 4.97143821e-01 5.43754671e-01 8.27726770e-01 4.95464345e-03
 4.17053751e-02 4.05022012e-01 2.93469060e-01 7.26615723e-01
 6.38948140e-01 3.18963353e-01 6.56550459e-01 2.39311219e-01
 4.09755839e-01 6.60132179e-01 8.29835230e-01 2.58399690e-01
 2.87566494e-01 2.46433529e-01 3.79061093e-01 2.88090098e-01
 4.46167937e-01 4.70121268e-01 4.00531844e-03 6.12505477e-01
 8.78434023e-01 5.55204683e-01 6.60169022e-01 1.71523984e-01
 5.99319489e-02 8.00424807e-01 1.37749664e-01 3.78999098e-01
 3.09374622e-01 7.02808405e-01 6.49860302e-01 4.95167249e-01
 4.55941190e-01 4.56301298e-01 9.13029319e-02 2.95839607e-01
 1.78010446e-01 1.24293217e-01 8.02729688e-01 3.53955852e-01
 6.73288433e-01 7.77902798e-01 5.33549348e-01 9.91680260e-01
 4.43948966e-01 9.72150820e-01 6.23971900e-01 1.49014245e-02
 8.27437847e-01 1.46013758e-01 7.52103279e-01 3.20947484e-01
 7.72736771e-01 6.71878782e-02 3.83788542e-01 8.66946617e-01
 5.99621821e-01 5.73253309e-01 4.94647899e-01 3.43265560e-01
 5.05092355e-01 7.15756226e-01 5.93118727e-01 1.38022649e-01
 7.40423135e-01 7.85400913e-01 3.26896100e-01 8.04696272e-01
 9.63752406e-01 5.84567850e-01 4.24898732e-01 8.89211047e-01
 9.23177738e-01 7.69482527e-02 6.12107284e-01 2.83777585e-02
 6.34457124e-01 3.39558336e-01 3.47491996e-01 2.84348141e-01
 9.15138412e-01 5.99835628e-01 7.97372647e-01 3.87166023e-01
 3.93121720e-01 1.88141314e-01 5.13196387e-03 5.20822027e-01
 2.89252952e-01 8.56887977e-01 3.28896091e-01 9.42344289e-01
 1.29724873e-02 3.19734556e-01 3.23810303e-01 8.89627048e-01
 1.18013546e-02 3.13256217e-03 5.27709424e-01 7.32199669e-01]
Iteração 6: Resíduo relativo = 6.066995009677552e-10, x = [9.08457399e-02 2.22548993e-01 1.32332082e-01 3.81157029e-01
 7.56541130e-01 6.76634677e-02 6.55989045e-01 7.10888380e-01
 1.42078514e-01 6.10659303e-01 5.00804955e-01 9.08041654e-01
 8.06808798e-02 7.32709856e-01 6.05460044e-01 6.11659329e-01
 6.26754270e-01 6.66365659e-01 2.88873340e-01 4.72942312e-01
 9.24640798e-01 5.08648612e-01 1.47162983e-01 6.98052412e-01
 1.96672268e-02 4.08316615e-01 4.31118864e-01 3.08152327e-01
 3.14109146e-01 8.34887325e-01 8.54185334e-01 2.17716761e-01
 8.24058325e-02 8.83297204e-01 8.44423159e-01 3.78025288e-01
 3.74957346e-01 7.55240880e-01 7.49223016e-01 5.71804483e-01
 7.15684342e-01 4.51704576e-01 5.34931548e-01 9.55685586e-01
 2.82946346e-02 6.40669383e-01 4.57309123e-01 9.25974232e-02
 8.40529059e-01 1.68610737e-01 3.78723518e-01 8.05004148e-02
 3.16544168e-01 6.89881600e-01 8.62517211e-01 6.79841532e-01
 7.19290327e-02 5.00968465e-01 2.75592207e-01 3.49391251e-01
 4.83094812e-01 9.73285590e-01 1.05974024e-01 7.04510151e-01
 3.29168067e-01 3.80354850e-01 1.65609756e-01 3.95527647e-01
 5.90627625e-01 8.38283823e-01 2.80303713e-01 4.05531025e-01
 6.27682518e-01 8.50954296e-01 8.27885204e-01 6.24191742e-01
 6.23947665e-01 2.94647645e-02 5.15217712e-01 1.56913457e-01
 4.58094784e-01 1.53406504e-02 1.63752977e-01 9.19414037e-01
 5.37337716e-01 8.04676436e-01 6.17809372e-01 3.48271627e-01
 3.45144815e-01 8.50329510e-01 6.17128468e-01 8.81790244e-01
 3.31653159e-01 3.34221299e-01 1.50818779e-01 1.47650006e-01
 8.15004828e-01 9.41353164e-01 6.87151091e-01 2.90590825e-02
 1.01188520e-01 4.68632973e-01 9.82525770e-01 9.55311416e-01
 4.06458846e-01 3.45456795e-01 3.09900246e-01 7.92669341e-01
 1.84865522e-01 2.34434004e-02 2.31467473e-01 1.38245548e-01
 3.77142206e-01 4.16170764e-01 6.95480417e-01 5.37439912e-01
 2.89198690e-01 1.60413158e-01 5.00194459e-02 5.67845536e-01
 6.26266423e-01 8.54394397e-01 7.64038919e-01 5.21281495e-01
 8.23609588e-02 1.42931420e-01 7.98804512e-01 5.52244282e-01
 8.28340001e-02 3.74030712e-01 5.14693548e-01 9.88159805e-01
 8.10023852e-01 8.97247033e-01 6.39780328e-01 6.42659412e-01
 1.92146839e-01 6.43305822e-02 5.81530934e-01 5.99007695e-01
 2.07136854e-01 9.12085443e-01 7.38739724e-01 2.82766878e-01
 1.37555025e-01 6.32058840e-01 2.89122682e-01 8.18910331e-02
 2.41964512e-01 2.16948148e-01 2.19418650e-01 9.66819969e-01
 4.26693735e-01 6.53661628e-01 4.31698212e-01 4.85432755e-01
 4.60059487e-01 6.70457058e-01 3.09062500e-01 1.46743221e-01
 7.32295116e-01 4.75621898e-02 8.99861508e-01 6.12762592e-01
 3.57964951e-01 6.49700042e-01 4.57985593e-01 4.67038425e-01
 6.32707249e-01 2.94787055e-01 6.53154854e-01 5.33105849e-01
 5.38497520e-02 6.34783583e-01 7.80780922e-01 8.28246421e-01
 3.95449287e-01 7.83382500e-01 6.02141390e-01 7.64383076e-01
 2.72007777e-01 3.14869664e-01 6.24404096e-01 6.40728348e-04
 9.68859434e-01 1.67525480e-02 6.72491213e-01 1.64045684e-01
 5.80456453e-01 2.99047176e-01 9.79793036e-01 9.56691808e-01
 6.77637545e-02 3.88370117e-01 1.44859745e-01 2.92810540e-01
 4.74541805e-01 5.16383112e-01 4.58039727e-01 2.88920176e-02
 2.83791877e-01 7.52158793e-01 4.17622915e-01 3.39273107e-01
 9.61275131e-01 5.23365931e-01 2.00138483e-02 6.88555431e-01
 2.64446256e-02 8.70409613e-01 5.90850034e-01 1.33325698e-01
 7.65970888e-01 2.65313828e-01 5.66666801e-01 8.74704062e-01
 1.86736303e-02 1.72148064e-01 7.20757876e-01 6.59568717e-01
 6.42174989e-01 4.26679004e-01 6.08713173e-01 9.67416473e-01
 3.00464981e-01 8.42521837e-01 1.28887036e-01 1.81619248e-01
 2.09072117e-01 8.84703236e-01 7.18272529e-01 9.57110849e-01
 6.20065297e-01 9.58948112e-01 5.65520737e-01 3.42550224e-01
 9.62558150e-01 3.65883213e-01 5.83385792e-01 2.72212452e-01
 4.40447096e-01 8.96164569e-01 6.01083765e-02 8.52487192e-01
 3.49073517e-01 4.99985972e-01 9.53680570e-01 6.46150025e-01
 4.63343975e-02 5.29617428e-01 4.74594754e-01 8.55429133e-01
 8.33263283e-01 6.36762562e-02 1.27807022e-01 9.90878599e-02
 7.64358501e-02 1.54905222e-01 2.49198318e-01 4.94374817e-01
 6.05793434e-01 5.22970641e-01 7.48496967e-01 1.06491067e-01
 5.04347640e-01 8.48953737e-01 3.36696441e-01 4.06735492e-01
 5.06027067e-01 1.50669497e-01 6.71030970e-03 8.21137621e-01
 9.59090793e-01 4.73700270e-01 3.99096500e-01 5.91271058e-01
 9.10986230e-01 2.48116617e-01 1.01414301e-01 6.39172591e-01
 5.21710770e-01 4.58494418e-01 6.96652595e-02 9.68049159e-02
 2.68216439e-01 1.25774541e-01 8.85313307e-01 1.41255650e-01
 2.80251628e-01 2.73751170e-01 4.27374540e-01 6.27635698e-01
 4.31901960e-01 8.71163260e-01 6.02073294e-01 5.14427180e-01
 5.61653568e-01 5.36298594e-01 6.28917454e-01 4.69960859e-01
 4.51461932e-02 4.44561131e-01 6.28958585e-01 1.01096311e-01
 9.88812130e-02 1.11002264e-02 2.16104397e-01 3.74637038e-01
 3.85684962e-01 3.62673859e-01 7.36756249e-01 9.02049842e-01
 3.19635885e-01 4.71783579e-01 7.55406350e-01 2.94706223e-01
 7.55113583e-01 4.45470839e-01 3.86942418e-01 6.08390487e-01
 3.30583413e-01 3.72071609e-01 1.01409362e-01 8.98956169e-01
 4.33519080e-01 2.04388750e-01 7.90902054e-01 8.00734162e-01
 3.31740021e-01 5.59463419e-01 4.14231956e-01 9.77139304e-01
 9.78534512e-01 3.29644104e-01 2.89692671e-01 2.53485771e-01
 5.05566015e-01 1.67012542e-01 7.01947027e-01 4.20133183e-02
 3.03266345e-01 9.91885378e-01 2.18814382e-01 6.57299726e-01
 8.38638151e-01 5.31973526e-01 7.68571906e-01 4.93642063e-01
 6.78523004e-02 9.33007552e-01 1.46856713e-01 5.33447287e-01
 1.79342213e-01 5.64967431e-01 5.32921252e-01 6.54513836e-01
 9.35434695e-01 8.10250515e-01 3.94573435e-01 5.40599878e-02
 2.31421195e-01 2.60141003e-01 7.52165169e-02 7.71388463e-01
 5.70126221e-01 5.49919259e-01 8.05478198e-01 4.28116242e-01
 3.63358894e-01 2.32484523e-01 2.41537972e-01 1.22540749e-01
 1.23778719e-01 7.81912691e-01 3.12017001e-01 4.17737173e-01
 3.91817460e-01 2.03540339e-01 7.10475695e-02 9.86026446e-01
 8.51164812e-01 7.19977743e-01 2.75436425e-01 1.53866375e-01
 9.15951816e-01 2.51295150e-01 9.56028516e-01 3.35304011e-01
 8.75376996e-01 9.07398707e-01 3.05269788e-01 3.49399483e-01
 5.35625388e-01 6.40008951e-01 1.20539719e-01 5.86463553e-01
 4.97143817e-01 5.43754670e-01 8.27726769e-01 4.95464462e-03
 4.17053754e-02 4.05022012e-01 2.93469061e-01 7.26615725e-01
 6.38948141e-01 3.18963355e-01 6.56550459e-01 2.39311220e-01
 4.09755837e-01 6.60132181e-01 8.29835230e-01 2.58399688e-01
 2.87566495e-01 2.46433529e-01 3.79061092e-01 2.88090094e-01
 4.46167938e-01 4.70121268e-01 4.00531775e-03 6.12505477e-01
 8.78434022e-01 5.55204683e-01 6.60169023e-01 1.71523985e-01
 5.99319493e-02 8.00424805e-01 1.37749663e-01 3.78999098e-01
 3.09374623e-01 7.02808403e-01 6.49860303e-01 4.95167248e-01
 4.55941189e-01 4.56301299e-01 9.13029322e-02 2.95839604e-01
 1.78010445e-01 1.24293215e-01 8.02729687e-01 3.53955853e-01
 6.73288433e-01 7.77902799e-01 5.33549346e-01 9.91680261e-01
 4.43948966e-01 9.72150819e-01 6.23971900e-01 1.49014255e-02
 8.27437848e-01 1.46013757e-01 7.52103279e-01 3.20947486e-01
 7.72736773e-01 6.71878796e-02 3.83788543e-01 8.66946617e-01
 5.99621820e-01 5.73253309e-01 4.94647900e-01 3.43265561e-01
 5.05092354e-01 7.15756225e-01 5.93118729e-01 1.38022650e-01
 7.40423136e-01 7.85400912e-01 3.26896098e-01 8.04696271e-01
 9.63752404e-01 5.84567847e-01 4.24898732e-01 8.89211048e-01
 9.23177739e-01 7.69482529e-02 6.12107283e-01 2.83777568e-02
 6.34457128e-01 3.39558336e-01 3.47491997e-01 2.84348141e-01
 9.15138411e-01 5.99835627e-01 7.97372647e-01 3.87166026e-01
 3.93121721e-01 1.88141316e-01 5.13196213e-03 5.20822029e-01
 2.89252952e-01 8.56887976e-01 3.28896090e-01 9.42344290e-01
 1.29724887e-02 3.19734557e-01 3.23810302e-01 8.89627049e-01
 1.18013535e-02 3.13256323e-03 5.27709423e-01 7.32199668e-01]

Solução x:
[9.08457399e-02 2.22548993e-01 1.32332082e-01 3.81157029e-01
 7.56541130e-01 6.76634677e-02 6.55989045e-01 7.10888380e-01
 1.42078514e-01 6.10659303e-01 5.00804955e-01 9.08041654e-01
 8.06808798e-02 7.32709856e-01 6.05460044e-01 6.11659329e-01
 6.26754270e-01 6.66365659e-01 2.88873340e-01 4.72942312e-01
 9.24640798e-01 5.08648612e-01 1.47162983e-01 6.98052412e-01
 1.96672268e-02 4.08316615e-01 4.31118864e-01 3.08152327e-01
 3.14109146e-01 8.34887325e-01 8.54185334e-01 2.17716761e-01
 8.24058325e-02 8.83297204e-01 8.44423159e-01 3.78025288e-01
 3.74957346e-01 7.55240880e-01 7.49223016e-01 5.71804483e-01
 7.15684342e-01 4.51704576e-01 5.34931548e-01 9.55685586e-01
 2.82946346e-02 6.40669383e-01 4.57309123e-01 9.25974232e-02
 8.40529059e-01 1.68610737e-01 3.78723518e-01 8.05004148e-02
 3.16544168e-01 6.89881600e-01 8.62517211e-01 6.79841532e-01
 7.19290327e-02 5.00968465e-01 2.75592207e-01 3.49391251e-01
 4.83094812e-01 9.73285590e-01 1.05974024e-01 7.04510151e-01
 3.29168067e-01 3.80354850e-01 1.65609756e-01 3.95527647e-01
 5.90627625e-01 8.38283823e-01 2.80303713e-01 4.05531025e-01
 6.27682518e-01 8.50954296e-01 8.27885204e-01 6.24191742e-01
 6.23947665e-01 2.94647645e-02 5.15217712e-01 1.56913457e-01
 4.58094784e-01 1.53406504e-02 1.63752977e-01 9.19414037e-01
 5.37337716e-01 8.04676436e-01 6.17809372e-01 3.48271627e-01
 3.45144815e-01 8.50329510e-01 6.17128468e-01 8.81790244e-01
 3.31653159e-01 3.34221299e-01 1.50818779e-01 1.47650006e-01
 8.15004828e-01 9.41353164e-01 6.87151091e-01 2.90590825e-02
 1.01188520e-01 4.68632973e-01 9.82525770e-01 9.55311416e-01
 4.06458846e-01 3.45456795e-01 3.09900246e-01 7.92669341e-01
 1.84865522e-01 2.34434004e-02 2.31467473e-01 1.38245548e-01
 3.77142206e-01 4.16170764e-01 6.95480417e-01 5.37439912e-01
 2.89198690e-01 1.60413158e-01 5.00194459e-02 5.67845536e-01
 6.26266423e-01 8.54394397e-01 7.64038919e-01 5.21281495e-01
 8.23609588e-02 1.42931420e-01 7.98804512e-01 5.52244282e-01
 8.28340001e-02 3.74030712e-01 5.14693548e-01 9.88159805e-01
 8.10023852e-01 8.97247033e-01 6.39780328e-01 6.42659412e-01
 1.92146839e-01 6.43305822e-02 5.81530934e-01 5.99007695e-01
 2.07136854e-01 9.12085443e-01 7.38739724e-01 2.82766878e-01
 1.37555025e-01 6.32058840e-01 2.89122682e-01 8.18910331e-02
 2.41964512e-01 2.16948148e-01 2.19418650e-01 9.66819969e-01
 4.26693735e-01 6.53661628e-01 4.31698212e-01 4.85432755e-01
 4.60059487e-01 6.70457058e-01 3.09062500e-01 1.46743221e-01
 7.32295116e-01 4.75621898e-02 8.99861508e-01 6.12762592e-01
 3.57964951e-01 6.49700042e-01 4.57985593e-01 4.67038425e-01
 6.32707249e-01 2.94787055e-01 6.53154854e-01 5.33105849e-01
 5.38497520e-02 6.34783583e-01 7.80780922e-01 8.28246421e-01
 3.95449287e-01 7.83382500e-01 6.02141390e-01 7.64383076e-01
 2.72007777e-01 3.14869664e-01 6.24404096e-01 6.40728348e-04
 9.68859434e-01 1.67525480e-02 6.72491213e-01 1.64045684e-01
 5.80456453e-01 2.99047176e-01 9.79793036e-01 9.56691808e-01
 6.77637545e-02 3.88370117e-01 1.44859745e-01 2.92810540e-01
 4.74541805e-01 5.16383112e-01 4.58039727e-01 2.88920176e-02
 2.83791877e-01 7.52158793e-01 4.17622915e-01 3.39273107e-01
 9.61275131e-01 5.23365931e-01 2.00138483e-02 6.88555431e-01
 2.64446256e-02 8.70409613e-01 5.90850034e-01 1.33325698e-01
 7.65970888e-01 2.65313828e-01 5.66666801e-01 8.74704062e-01
 1.86736303e-02 1.72148064e-01 7.20757876e-01 6.59568717e-01
 6.42174989e-01 4.26679004e-01 6.08713173e-01 9.67416473e-01
 3.00464981e-01 8.42521837e-01 1.28887036e-01 1.81619248e-01
 2.09072117e-01 8.84703236e-01 7.18272529e-01 9.57110849e-01
 6.20065297e-01 9.58948112e-01 5.65520737e-01 3.42550224e-01
 9.62558150e-01 3.65883213e-01 5.83385792e-01 2.72212452e-01
 4.40447096e-01 8.96164569e-01 6.01083765e-02 8.52487192e-01
 3.49073517e-01 4.99985972e-01 9.53680570e-01 6.46150025e-01
 4.63343975e-02 5.29617428e-01 4.74594754e-01 8.55429133e-01
 8.33263283e-01 6.36762562e-02 1.27807022e-01 9.90878599e-02
 7.64358501e-02 1.54905222e-01 2.49198318e-01 4.94374817e-01
 6.05793434e-01 5.22970641e-01 7.48496967e-01 1.06491067e-01
 5.04347640e-01 8.48953737e-01 3.36696441e-01 4.06735492e-01
 5.06027067e-01 1.50669497e-01 6.71030970e-03 8.21137621e-01
 9.59090793e-01 4.73700270e-01 3.99096500e-01 5.91271058e-01
 9.10986230e-01 2.48116617e-01 1.01414301e-01 6.39172591e-01
 5.21710770e-01 4.58494418e-01 6.96652595e-02 9.68049159e-02
 2.68216439e-01 1.25774541e-01 8.85313307e-01 1.41255650e-01
 2.80251628e-01 2.73751170e-01 4.27374540e-01 6.27635698e-01
 4.31901960e-01 8.71163260e-01 6.02073294e-01 5.14427180e-01
 5.61653568e-01 5.36298594e-01 6.28917454e-01 4.69960859e-01
 4.51461932e-02 4.44561131e-01 6.28958585e-01 1.01096311e-01
 9.88812130e-02 1.11002264e-02 2.16104397e-01 3.74637038e-01
 3.85684962e-01 3.62673859e-01 7.36756249e-01 9.02049842e-01
 3.19635885e-01 4.71783579e-01 7.55406350e-01 2.94706223e-01
 7.55113583e-01 4.45470839e-01 3.86942418e-01 6.08390487e-01
 3.30583413e-01 3.72071609e-01 1.01409362e-01 8.98956169e-01
 4.33519080e-01 2.04388750e-01 7.90902054e-01 8.00734162e-01
 3.31740021e-01 5.59463419e-01 4.14231956e-01 9.77139304e-01
 9.78534512e-01 3.29644104e-01 2.89692671e-01 2.53485771e-01
 5.05566015e-01 1.67012542e-01 7.01947027e-01 4.20133183e-02
 3.03266345e-01 9.91885378e-01 2.18814382e-01 6.57299726e-01
 8.38638151e-01 5.31973526e-01 7.68571906e-01 4.93642063e-01
 6.78523004e-02 9.33007552e-01 1.46856713e-01 5.33447287e-01
 1.79342213e-01 5.64967431e-01 5.32921252e-01 6.54513836e-01
 9.35434695e-01 8.10250515e-01 3.94573435e-01 5.40599878e-02
 2.31421195e-01 2.60141003e-01 7.52165169e-02 7.71388463e-01
 5.70126221e-01 5.49919259e-01 8.05478198e-01 4.28116242e-01
 3.63358894e-01 2.32484523e-01 2.41537972e-01 1.22540749e-01
 1.23778719e-01 7.81912691e-01 3.12017001e-01 4.17737173e-01
 3.91817460e-01 2.03540339e-01 7.10475695e-02 9.86026446e-01
 8.51164812e-01 7.19977743e-01 2.75436425e-01 1.53866375e-01
 9.15951816e-01 2.51295150e-01 9.56028516e-01 3.35304011e-01
 8.75376996e-01 9.07398707e-01 3.05269788e-01 3.49399483e-01
 5.35625388e-01 6.40008951e-01 1.20539719e-01 5.86463553e-01
 4.97143817e-01 5.43754670e-01 8.27726769e-01 4.95464462e-03
 4.17053754e-02 4.05022012e-01 2.93469061e-01 7.26615725e-01
 6.38948141e-01 3.18963355e-01 6.56550459e-01 2.39311220e-01
 4.09755837e-01 6.60132181e-01 8.29835230e-01 2.58399688e-01
 2.87566495e-01 2.46433529e-01 3.79061092e-01 2.88090094e-01
 4.46167938e-01 4.70121268e-01 4.00531775e-03 6.12505477e-01
 8.78434022e-01 5.55204683e-01 6.60169023e-01 1.71523985e-01
 5.99319493e-02 8.00424805e-01 1.37749663e-01 3.78999098e-01
 3.09374623e-01 7.02808403e-01 6.49860303e-01 4.95167248e-01
 4.55941189e-01 4.56301299e-01 9.13029322e-02 2.95839604e-01
 1.78010445e-01 1.24293215e-01 8.02729687e-01 3.53955853e-01
 6.73288433e-01 7.77902799e-01 5.33549346e-01 9.91680261e-01
 4.43948966e-01 9.72150819e-01 6.23971900e-01 1.49014255e-02
 8.27437848e-01 1.46013757e-01 7.52103279e-01 3.20947486e-01
 7.72736773e-01 6.71878796e-02 3.83788543e-01 8.66946617e-01
 5.99621820e-01 5.73253309e-01 4.94647900e-01 3.43265561e-01
 5.05092354e-01 7.15756225e-01 5.93118729e-01 1.38022650e-01
 7.40423136e-01 7.85400912e-01 3.26896098e-01 8.04696271e-01
 9.63752404e-01 5.84567847e-01 4.24898732e-01 8.89211048e-01
 9.23177739e-01 7.69482529e-02 6.12107283e-01 2.83777568e-02
 6.34457128e-01 3.39558336e-01 3.47491997e-01 2.84348141e-01
 9.15138411e-01 5.99835627e-01 7.97372647e-01 3.87166026e-01
 3.93121721e-01 1.88141316e-01 5.13196213e-03 5.20822029e-01
 2.89252952e-01 8.56887976e-01 3.28896090e-01 9.42344290e-01
 1.29724887e-02 3.19734557e-01 3.23810302e-01 8.89627049e-01
 1.18013535e-02 3.13256323e-03 5.27709423e-01 7.32199668e-01]

X_aleatório_inicial:
[0.09084573989812017, 0.22254899291154928, 0.13233208250229844, 0.3811570288997641, 0.7565411299631633, 0.06766346778412458, 0.6559890451717966, 0.7108883805119921, 0.1420785135550937, 0.6106593026117805, 0.5008049554229289, 0.9080416539301743, 0.08068087984528072, 0.7327098560730183, 0.6054600436366807, 0.6116593288090637, 0.6267542696892849, 0.6663656591580955, 0.28887333996903974, 0.47294231209657667, 0.9246407978221597, 0.508648611647194, 0.14716298349738877, 0.6980524118454965, 0.019667226806234006, 0.40831661510872996, 0.4311188639427813, 0.3081523273996636, 0.3141091461223289, 0.8348873246223856, 0.8541853341698358, 0.21771676113526983, 0.08240583257863165, 0.8832972045108678, 0.8444231594491048, 0.37802528774337696, 0.3749573463793875, 0.7552408796921577, 0.7492230156478477, 0.5718044833578915, 0.7156843422757839, 0.4517045763627108, 0.5349315475866138, 0.9556855859743312, 0.028294634617186842, 0.6406693827301171, 0.4573091233017006, 0.09259742320595044, 0.8405290589367913, 0.16861073744079413, 0.3787235180494074, 0.08050041474146341, 0.31654416806374497, 0.6898815997761141, 0.8625172112267159, 0.6798415315453249, 0.0719290326908878, 0.5009684654087547, 0.2755922070888205, 0.34939125139233496, 0.48309481217259964, 0.9732855898894677, 0.10597402443651105, 0.7045101514486867, 0.3291680674565385, 0.3803548505180211, 0.16560975564560143, 0.39552764715417, 0.5906276249846202, 0.8382838228181807, 0.2803037127435919, 0.40553102500076055, 0.6276825185016159, 0.8509542958840015, 0.8278852042619379, 0.6241917423916711, 0.6239476653743531, 0.02946476448740809, 0.5152177116992678, 0.15691345702786075, 0.45809478421471606, 0.015340650457557503, 0.16375297688333468, 0.9194140366052895, 0.5373377158018294, 0.8046764356801714, 0.6178093724969494, 0.34827162654676336, 0.3451448154819877, 0.8503295096663508, 0.6171284682432706, 0.8817902444201036, 0.3316531586248692, 0.3342212993095057, 0.1508187794098903, 0.14765000552518792, 0.815004828457677, 0.9413531640345936, 0.6871510912896948, 0.029059082544487636, 0.10118851965819209, 0.46863297307279383, 0.9825257704718351, 0.9553114155160656, 0.4064588458351437, 0.3454567948669446, 0.3099002463622288, 0.7926693409295539, 0.1848655216380095, 0.023443400385218305, 0.23146747274509316, 0.13824554794751198, 0.3771422061205003, 0.4161707643504249, 0.6954804169213448, 0.5374399122961805, 0.2891986901965711, 0.16041315770645337, 0.05001944587472462, 0.5678455360076968, 0.6262664229667908, 0.8543943965964464, 0.7640389192616884, 0.5212814953395177, 0.08236095884933248, 0.1429314198983982, 0.7988045123816515, 0.5522442822341729, 0.08283400013176545, 0.3740307123570247, 0.5146935477810018, 0.9881598048790969, 0.8100238516368731, 0.8972470332198551, 0.6397803278196763, 0.642659412036854, 0.19214683865745685, 0.0643305822375646, 0.5815309344258249, 0.5990076951410583, 0.2071368544190041, 0.9120854433740444, 0.7387397241277468, 0.28276687797265, 0.13755502491975247, 0.6320588402222646, 0.28912268204198555, 0.08189103311926216, 0.2419645124057469, 0.21694814826734454, 0.2194186496272339, 0.9668199693540559, 0.4266937353985205, 0.6536616278332875, 0.4316982123995795, 0.48543275544795583, 0.460059487338382, 0.6704570577193122, 0.3090624995352105, 0.14674322082333602, 0.7322951164268268, 0.04756218977384763, 0.8998615077535899, 0.6127625921827486, 0.35796495108287585, 0.6497000421598536, 0.457985593246927, 0.46703842466970646, 0.632707249274074, 0.29478705501227276, 0.6531548543109126, 0.533105849359407, 0.05384975201423714, 0.6347835834071153, 0.7807809215091569, 0.8282464209017248, 0.3954492873198382, 0.7833825001924063, 0.6021413904770796, 0.7643830759063084, 0.27200777655345454, 0.3148696642250186, 0.624404096377834, 0.0006407283453129242, 0.9688594341973688, 0.01675254804956694, 0.6724912126769854, 0.1640456842836483, 0.5804564532776536, 0.2990471762924102, 0.9797930356151191, 0.9566918079903369, 0.06776375455270667, 0.3883701166176723, 0.14485974493860398, 0.29281053975049576, 0.4745418045475053, 0.5163831117417416, 0.4580397274581607, 0.02889201759871174, 0.28379187682157425, 0.752158793070233, 0.4176229145210524, 0.3392731065132425, 0.9612751313495752, 0.5233659314456922, 0.02001384827239705, 0.6885554313513776, 0.026444625643112785, 0.8704096127420187, 0.5908500343956856, 0.13332569819714835, 0.7659708875866189, 0.2653138284050547, 0.5666668008494319, 0.8747040617140961, 0.018673630320799495, 0.17214806375349012, 0.7207578763725436, 0.6595687172616919, 0.6421749886592006, 0.4266790044107073, 0.6087131733642074, 0.9674164733755113, 0.30046498119821596, 0.8425218368025507, 0.12888703570532345, 0.18161924761045156, 0.20907211715142626, 0.8847032360424056, 0.718272528635169, 0.957110848618909, 0.6200652966153714, 0.9589481118260834, 0.5655207374322534, 0.3425502241522832, 0.9625581504251982, 0.3658832125938436, 0.5833857918208919, 0.2722124520189838, 0.4404470956890525, 0.8961645692098513, 0.06010837653504253, 0.8524871922635509, 0.3490735174063916, 0.4999859716652325, 0.9536805700546893, 0.646150024947215, 0.04633439752567314, 0.5296174278774066, 0.47459475413307484, 0.8554291332962607, 0.8332632834649375, 0.06367625612305039, 0.12780702242771647, 0.09908785996574598, 0.0764358500572353, 0.15490522201912837, 0.24919831792411706, 0.49437481723729104, 0.6057934341700639, 0.5229706409640106, 0.7484969674137013, 0.10649106671073638, 0.5043476398384239, 0.8489537370582412, 0.33669644106219265, 0.40673549245327356, 0.5060270674195124, 0.150669496725917, 0.006710309640435175, 0.8211376209822472, 0.9590907932668062, 0.4737002701306682, 0.3990965003375533, 0.5912710578382826, 0.9109862304774502, 0.24811661695403198, 0.10141430095791215, 0.6391725913524945, 0.5217107696385586, 0.45849441774704425, 0.06966525948726443, 0.0968049159787191, 0.2682164388434909, 0.12577454142002042, 0.8853133075247205, 0.1412556497787798, 0.2802516284268084, 0.2737511694827285, 0.42737453964025296, 0.6276356975652827, 0.4319019598901368, 0.8711632599446802, 0.6020732937114202, 0.5144271804401853, 0.5616535680431528, 0.5362985934687676, 0.6289174544312538, 0.4699608585837284, 0.0451461931585746, 0.44456113092590555, 0.6289585845797591, 0.10109631086896653, 0.0988812129975909, 0.01110022636411745, 0.21610439732626674, 0.37463703812940596, 0.38568496222443527, 0.36267385892710435, 0.7367562494796637, 0.9020498417244882, 0.31963588489772854, 0.4717835785007153, 0.7554063498420353, 0.29470622342720265, 0.755113583373222, 0.44547083902060247, 0.3869424181135507, 0.6083904874109101, 0.3305834127439571, 0.3720716087273892, 0.10140936223621144, 0.898956168911872, 0.43351907992056093, 0.2043887498724959, 0.7909020538973179, 0.8007341624613655, 0.33174002096520006, 0.559463419320761, 0.41423195595379747, 0.9771393035799271, 0.9785345116300178, 0.3296441036404463, 0.2896926713210859, 0.2534857711056884, 0.5055660147090802, 0.16701254232043694, 0.7019470265412707, 0.04201331826769139, 0.30326634490026216, 0.9918853781246386, 0.21881438206366244, 0.6572997264984763, 0.8386381514832725, 0.531973525600967, 0.7685719055773338, 0.493642063164071, 0.06785230034753098, 0.9330075515285804, 0.1468567130539149, 0.5334472869458128, 0.17934221329567124, 0.5649674310331646, 0.5329212521732074, 0.6545138359079435, 0.9354346947413394, 0.8102505152824242, 0.3945734347721246, 0.05405998780393195, 0.23142119531654448, 0.26014100286322406, 0.07521651693383202, 0.7713884626290557, 0.5701262212970033, 0.5499192594050705, 0.8054781982684087, 0.4281162420854643, 0.3633588940806106, 0.2324845234488877, 0.24153797204486427, 0.12254074885125688, 0.12377871872709334, 0.7819126905942952, 0.3120170006326739, 0.4177371733182388, 0.391817460047832, 0.20354033915586411, 0.07104756952661395, 0.9860264461683803, 0.8511648117676487, 0.7199777432925971, 0.2754364250217596, 0.15386637534795522, 0.9159518155154532, 0.2512951499782041, 0.9560285163669519, 0.33530401059115555, 0.8753769957359832, 0.9073987071260643, 0.30526978835088525, 0.34939948320109837, 0.5356253881667251, 0.6400089513939052, 0.12053971880550207, 0.5864635531398935, 0.4971438167479796, 0.5437546704819518, 0.8277267694497834, 0.004954644604502345, 0.04170537540127739, 0.40502201197469656, 0.2934690610442493, 0.7266157245022155, 0.6389481407064604, 0.31896335501335105, 0.6565504589741415, 0.23931121969297275, 0.40975583746120214, 0.6601321811196768, 0.8298352298634841, 0.2583996884715669, 0.2875664946959553, 0.24643352948890862, 0.37906109202416927, 0.2880900942046696, 0.44616793761577556, 0.4701212682265715, 0.004005317798298491, 0.6125054769939291, 0.8784340216141798, 0.5552046832963419, 0.6601690228518076, 0.17152398549296533, 0.059931949287659436, 0.8004248052287172, 0.1377496634740123, 0.3789990975791372, 0.3093746227993195, 0.7028084030530476, 0.6498603029005122, 0.4951672484394005, 0.45594118906333625, 0.4563012989807119, 0.09130293224839314, 0.2958396037550872, 0.17801044533538724, 0.1242932150752104, 0.8027296872450949, 0.35395585303765464, 0.6732884333521854, 0.7779027992702008, 0.5335493462135554, 0.9916802608827241, 0.4439489664452184, 0.9721508193186149, 0.6239719001753409, 0.014901425531243628, 0.8274378478565274, 0.14601375714325548, 0.7521032793700351, 0.320947485638319, 0.7727367728065656, 0.06718787957072003, 0.38378854255748995, 0.8669466165313627, 0.5996218201894262, 0.5732533090562895, 0.49464790015351723, 0.3432655606605761, 0.5050923544590309, 0.715756225368422, 0.593118728772954, 0.13802265033360817, 0.7404231363349867, 0.7854009119667914, 0.3268960978848965, 0.8046962712208431, 0.9637524040665936, 0.584567847186723, 0.4248987325169643, 0.8892110482983597, 0.9231777391493767, 0.07694825291567375, 0.6121072826172337, 0.028377756747537064, 0.6344571284031288, 0.3395583358946366, 0.3474919967014989, 0.2843481409969001, 0.9151384107399863, 0.5998356264822071, 0.7973726473850979, 0.38716602597193606, 0.39312172093764286, 0.188141315730029, 0.005131962130503265, 0.5208220285264912, 0.28925295190885913, 0.856887976218584, 0.32889609046707624, 0.9423442897874456, 0.012972488719284025, 0.3197345573802389, 0.32381030239944186, 0.8896270486595299, 0.011801353412675075, 0.0031325632418887084, 0.5277094232135385, 0.7321996683768932]

Erro da solução (|Ax - b|): 6.066997810705258e-10
Erro (|Ax - b|)/|b| 4.9054656117310516e-11
Erro no vetor x: 6.072189954612287e-10

Tempo de execução: 0.0063855648040771484
