A matriz é diagonal dominante

Logs intermediários:
Iteração 1: Resíduo relativo = 0.2767569963329282, x = [0.7998822153549439, 0.9192861194709135, 0.28139789353605427, 0.3267528199227808, 0.960051069680322, -0.04762273357986957, 0.08444190889463099, -0.009582691999566961, 0.8822286457649244, 0.7759661789073685, 0.9773272274649618, 0.3800855872643435, -0.28394552115974125, 0.6004085595212931, 0.20145124932840996, 0.9326894608277276, 0.7512031522406937, 0.39276355337654545, 0.9016117097564353, 0.4248823759726732, 0.7711435906721661, 0.5907308398452884, 0.36319055781431664, 0.8522214001445241, 0.5996812610595326, 0.5968648930188272, 0.5299570692057485, 0.21698758398300988, 0.252747281940891, 0.3234369034493796, 0.8144372183533454, 0.51222101394784, 0.7934302015078533, 0.6468333287534981, 0.6145029505768537, 0.9899691066974345, 0.6098977574000446, 0.434815764324585, 0.15750629123173332, 0.9796721824248033, 0.6278498921034921, 0.6554678614363416, 0.724428273935315, 0.8011376746889783, 0.5950452729044579, 0.9963487343819769, 0.5154778656340935, 0.981220207556206, 0.8800513644394165, 0.835831425331245, 0.9574537682620542, 0.8570655069272564, 0.7868725052551044, 0.878865120365294, 0.8434109148294343, 0.7464847717858556, 0.8630060169151611, 0.8981597615780856, 0.696204896957169, 0.8045707505096347, 0.9455849080251187, 0.9892439041048348, 0.7917442150057161, 0.9842749036749755, 0.9144196065438412, 0.9152703447282606]
Iteração 2: Resíduo relativo = 0.12309630687477592, x = [0.6961319217399576, 0.8774403194159581, -0.09115859698385947, 0.3222545574311202, 0.9597841531893856, -0.054622364900022986, 0.07832465992274006, -0.016328160959616155, 0.8814417632037721, 0.659816708437893, 0.9655726159907831, 0.058693350929315435, 0.20658857051698637, 0.7530733113091774, 0.5065384820923451, 0.8926092351219024, 0.6030564587850189, 0.031183121296199046, 0.8430261609216587, 0.08242717561515428, 0.6348704802071288, 0.7470929848266805, 0.6064849469808907, 0.908680525593933, 0.2563001773698171, 0.25106801557325065, 0.1267687213806848, 0.2407027806282288, 0.27537942006532873, 0.3439280560152772, 0.820057381925169, 0.5269944381452175, 0.799686607271026, 0.34389783635890436, 0.2838354556190589, 0.9813649153929574, 0.552571346967824, 0.3517606574166878, 0.03369992751148834, 0.9603272038059442, 0.27369304011322804, 0.3275936649384298, 0.46218029138808736, 0.6118902349671529, 0.2096698872640565, 0.9958121726077589, 0.4442762376889824, 0.9784604744096091, 0.7255422975733257, 0.6243614643578757, 0.9026488216799133, 0.6847878289360984, 0.5299918243124233, 0.7328623232896799, 0.7145522952223882, 0.5378647244724908, 0.7502723896923258, 0.8143544789224904, 0.44620907139347254, 0.6437501971949574, 0.8799988798273144, 0.9762796770296652, 0.5407353626583562, 0.9634181579155665, 0.800911334708024, 0.8028904367290465]
Iteração 3: Resíduo relativo = 0.05415327825302531, x = [0.7029100310783092, 0.8801741469381803, -0.06681911282945766, 0.4021573083601684, 0.9645253975995723, 0.06971226408310918, 0.18698550883454165, 0.10349177556335158, 0.8954191781302522, 0.6674048682686042, 0.9663405563890772, 0.0796902237329743, 0.019070268948721075, 0.6947135857562571, 0.38991164475571116, 0.891160486614935, 0.5977015163620057, 0.01811335679512511, 0.8409085150025163, 0.07004871587636426, 0.6299447228829296, 0.6873198429513457, 0.5134798910393956, 0.8870976845805505, 0.1386405623535824, 0.13258062821667915, -0.011383867790462826, 0.32349422948458717, 0.35438983410788594, 0.41546413623620015, 0.839677775206403, 0.5785695193966334, 0.8215281675800259, 0.24009691341083303, 0.17053215499148816, 0.9784166870702651, 0.608915699312176, 0.43339294822878005, 0.1553853658170014, 0.951731674602548, 0.11633098643292708, 0.18190974940851565, 0.34565598619609883, 0.5278021660761857, 0.03843654310761299, 0.9963395425482996, 0.5142581113521544, 0.9811729305989267, 0.6030626212576452, 0.45672876230450427, 0.8592048202757995, 0.5627127901443186, 0.3479675513097071, 0.6294055242165656, 0.6753642472605343, 0.47441990064268996, 0.7159882199255355, 0.7888678995521755, 0.3701811856972821, 0.5948419939582154, 0.8335249719490305, 0.9670932952443942, 0.36287183591081823, 0.9460812974755792, 0.7065592679809343, 0.7094763056984634]
Iteração 4: Resíduo relativo = 0.028114804157978984, x = [0.7362344600328532, 0.893614951223056, 0.05284543815444245, 0.37096592382202265, 0.9626745729925599, 0.021176147629943805, 0.1445679164082313, 0.05671804534794541, 0.8899628588076772, 0.7047118930673163, 0.9701161188603815, 0.18292089781698123, 0.05909629385754744, 0.7071705449390017, 0.41480579459193045, 0.9023919585036988, 0.6392158889399747, 0.11943714893752422, 0.8573256367436736, 0.16601314442541387, 0.6681318234401009, 0.700078497683028, 0.5333319409706705, 0.8917045700140259, 0.13810524589506692, 0.13204154563877235, -0.01201242122198341, 0.27812997359914027, 0.31109733603287, 0.376267080344424, 0.8289270931773054, 0.5503097749964452, 0.8095604324518008, 0.2396246499034645, 0.17001665847535816, 0.9784032735031343, 0.6149183877600896, 0.44208970644226897, 0.16834921657406857, 0.9487711223438159, 0.06213088165312136, 0.13173193778376713, 0.30552159926422284, 0.49883976988198503, -0.020541240786405783, 0.9963957263061768, 0.5217136835101929, 0.9814619041828909, 0.46285802693922473, 0.26483672198495756, 0.8094737238550876, 0.4436172648765992, 0.17038598656648918, 0.5284738190123142, 0.681551722665748, 0.4844373245117516, 0.7214014126782513, 0.7928920240293721, 0.3821853731299781, 0.6025642031617742, 0.7881853634198173, 0.9581311275903437, 0.18934946513280862, 0.924937675386217, 0.5914897345360808, 0.595550656290729]
Iteração 5: Resíduo relativo = 0.01271784851566704, x = [0.7246863385432232, 0.8889572257745028, 0.011377337541253148, 0.37903114923713493, 0.9631531448123243, 0.03372623880945473, 0.15553592727245466, 0.06881243241279493, 0.8913737113852401, 0.6917836578864575, 0.9688077497306424, 0.14714773070871295, 0.051710037622711834, 0.7048717832548168, 0.4102119192356455, 0.9010046978152402, 0.6340882211103417, 0.10692209169152554, 0.8552978680028791, 0.15416005156857493, 0.6634151252251342, 0.6977240622057438, 0.5296685162885255, 0.8908544322265816, 0.1751180850180735, 0.16931478170816647, 0.031447006693983814, 0.3029805307513514, 0.3348129834446092, 0.3977392429231887, 0.8348163210060163, 0.5657904740538069, 0.8161163624451745, 0.27227788322711977, 0.20565910756594274, 0.9793307140747411, 0.5920181019508506, 0.40891153129110464, 0.11889206248366221, 0.9503533087933821, 0.09109665014943463, 0.15854810135169473, 0.3269703282903579, 0.514317933008568, 0.010977828072225762, 0.9961813849948813, 0.49327063923561726, 0.9803594685456724, 0.3756050943354754, 0.14541735956968754, 0.7785247808093829, 0.39032409268763546, 0.09092133089473588, 0.4833086397775419, 0.6950640018662579, 0.5063134887506524, 0.7332228046112583, 0.8016799528553467, 0.4084002542475928, 0.6194280514956702, 0.767896678694712, 0.9541207137406208, 0.11170122802464078, 0.9101826181853948, 0.5111885666058733, 0.5160477467822557]
Iteração 6: Resíduo relativo = 0.004743074133339322, x = [0.7214416555631191, 0.8876485417168845, -0.0002739808482943775, 0.3785239622206998, 0.963123049507987, 0.032937018053219254, 0.1548461966796767, 0.068051868910188, 0.8912849889909344, 0.6881512034918805, 0.9684401364308716, 0.13709652137870676, 0.053011337574706455, 0.7052767757671492, 0.4110212615588117, 0.8991790229256825, 0.6273400630486043, 0.09045191709097324, 0.8526292661296352, 0.13856104110690776, 0.6572078149738406, 0.6981388632465084, 0.5303139331562111, 0.891004208273718, 0.17887462271638022, 0.17309774782884785, 0.035857826916950615, 0.2911649582695865, 0.3235370209287968, 0.3875299791334205, 0.8320161987453543, 0.5584299420278932, 0.8129992465774044, 0.27559195220583993, 0.20927656050501042, 0.9794248426407396, 0.6053205884336434, 0.42818431374231913, 0.14762109797454714, 0.9512050960285601, 0.10669068577592108, 0.17298487385083194, 0.3385174841898803, 0.5226507700005927, 0.02794646064131292, 0.9963058931525507, 0.5097928440300821, 0.9809998594684937, 0.35426241057670294, 0.11620653982248025, 0.7709544506854376, 0.3879489513719509, 0.08737979303781479, 0.48129574246209517, 0.6947817165357867, 0.5058564733086249, 0.7329758436449461, 0.8014963640354307, 0.40785259857309564, 0.6190757484586096, 0.7669924635513418, 0.9539419797820998, 0.10824064332925509, 0.9055252803648591, 0.48584202532552495, 0.4909531705798806]
Iteração 7: Resíduo relativo = 0.002492150465506189, x = [0.723994067800971, 0.8886780109206953, 0.008891465460927438, 0.37679381754007923, 0.9630203867247858, 0.030244784125715084, 0.15249334915502255, 0.06545739220698175, 0.890982334203675, 0.6910086540061553, 0.9687293174358838, 0.14500325058967448, 0.05285680524818073, 0.7052286819859573, 0.4109251503186915, 0.8989591145382031, 0.626527225797952, 0.0884680318118202, 0.8523078244873546, 0.13668209033833376, 0.6564601245741126, 0.6980896046802751, 0.5302372884364527, 0.8909864220277519, 0.17213431048313338, 0.16631001538237708, 0.027943543101586046, 0.29554061459542696, 0.3277128437074562, 0.3913107717909762, 0.8330531669245856, 0.5611557649679535, 0.8141536068749047, 0.2696455564890712, 0.2027858064499178, 0.9792559488412221, 0.6037776031959144, 0.42594882048693017, 0.14428875272360717, 0.9516674427330201, 0.11515506594432223, 0.18082109622227902, 0.34478523422832086, 0.527173800591982, 0.03715696653234176, 0.9962914511721352, 0.5078763964452211, 0.9809255790892903, 0.3410082349761835, 0.0980661157436448, 0.7662531447976327, 0.3985791436126495, 0.10323031443549942, 0.490304673965532, 0.6909305963270054, 0.49962157119175116, 0.7296066414035204, 0.798991725862045, 0.40038112341004284, 0.6142694011242503, 0.7710393725657663, 0.9547419222219334, 0.1237288504242365, 0.9011234692675243, 0.4618861322840232, 0.46723541845044086]
Iteração 8: Resíduo relativo = 0.0013352147338698212, x = [0.7232649681248037, 0.8883839417840599, 0.006273344517577396, 0.37890150762229013, 0.9631454521787846, 0.03352450680529874, 0.15535962585905483, 0.06861802546333677, 0.8913510331342244, 0.6901924197734064, 0.9686467125282668, 0.14274468372427218, 0.052886880724053745, 0.705238042120425, 0.410943855733593, 0.8993683414009642, 0.6280398322147989, 0.09215983801426281, 0.8529059942813264, 0.14017862422282693, 0.657851499410263, 0.698099191508181, 0.5302522052274679, 0.8909898836323459, 0.17195638322805365, 0.1661308363531833, 0.02773462595554586, 0.29229278814873916, 0.3246133435074248, 0.38850448229558404, 0.8322834783507842, 0.5591325256697859, 0.8132967841210045, 0.269488586629087, 0.20261446690176993, 0.9792514904705847, 0.6029728270037681, 0.42478285226788964, 0.1425506984270441, 0.9515414861667224, 0.11284912485819464, 0.17868628342242276, 0.3430777184925351, 0.5259415967132582, 0.03464775929736527, 0.9962839186554776, 0.5068768331622551, 0.9808868366053931, 0.33833876848978955, 0.09441253097255373, 0.7653062750044417, 0.40299565115753183, 0.10981570308681435, 0.4940475991220428, 0.6914265714999273, 0.5004245470761486, 0.7300405516877253, 0.7993142913193162, 0.4013433541338532, 0.6148883973697702, 0.7727207348394634, 0.9550742729208672, 0.13016370898020835, 0.8995952184366018, 0.4535689617747458, 0.4590009273289627]
Iteração 9: Resíduo relativo = 0.00040517132161245565, x = [0.7228985731619016, 0.8882361630180967, 0.0049576583949964585, 0.3778971920576946, 0.9630858584163504, 0.03196171701828816, 0.15399384332271654, 0.06711198185658139, 0.8911753478768302, 0.6897822370217154, 0.9686052010270947, 0.14160968456035708, 0.05287935493182526, 0.7052356999321406, 0.4109391750739522, 0.8994239314577193, 0.6282453071828722, 0.09266133910081856, 0.8529872506596875, 0.14065359919336903, 0.6580405060790513, 0.6980967925943532, 0.5302484725959256, 0.8909890174343491, 0.17292392134796883, 0.16710518140760847, 0.028870681826284713, 0.293713064935959, 0.32596875712276047, 0.3897316746637566, 0.8326200637049288, 0.5600172896365024, 0.813671473313331, 0.2703421620025979, 0.20354618219298737, 0.9792757343310463, 0.6035670357060692, 0.42564374809100364, 0.14383399556998663, 0.9514141609107323, 0.1105181265806187, 0.17652827297308876, 0.34135164827200987, 0.5246960032606731, 0.03211128610730927, 0.9962894803097511, 0.5076148634457491, 0.9809154422243281, 0.33815971944239376, 0.09416747418829444, 0.7652427656345572, 0.40460945927264225, 0.11222202834238036, 0.49541527775282596, 0.6921668496579223, 0.50162304559194, 0.7306881935929321, 0.7997957431652519, 0.402779551803975, 0.6158122932126605, 0.773335110803765, 0.9551957150897192, 0.13251502998479908, 0.898941249877764, 0.4500098810914541, 0.45547722678026054]
Iteração 10: Resíduo relativo = 0.00016209874852031808, x = [0.7231449548035546, 0.8883355365866389, 0.005842389189912483, 0.3780229430151245, 0.9630933201872789, 0.03215739486985806, 0.15416485377763742, 0.06730055448470446, 0.891197345533844, 0.6900580636841207, 0.9686331153622844, 0.14237291273103186, 0.05287994360842612, 0.7052358831409505, 0.41093954120082943, 0.8993012712882131, 0.6277919240441541, 0.09155477055465862, 0.8528079574240799, 0.1396055608606411, 0.6576234604528254, 0.698096980240304, 0.5302487645668944, 0.8909890851894076, 0.17336473709963765, 0.16754909843651983, 0.029388275203010197, 0.2935448953462382, 0.3258082677353086, 0.3895863674680598, 0.8325802099092308, 0.5599125280895833, 0.8136271077866158, 0.27073105569281575, 0.2039706768645517, 0.9792867799687869, 0.6034717673745077, 0.4255057223293499, 0.1436282470219893, 0.9513853758441098, 0.10999114597339084, 0.17604040060186732, 0.3409614268198189, 0.5244144056291704, 0.031537852744113935, 0.9962885886204821, 0.5074965364783417, 0.9809108559407906, 0.33879746139092143, 0.09504032435625971, 0.7654689751000026, 0.4046739873229498, 0.11231824515756028, 0.49546996432594786, 0.6922758633378168, 0.501799536998776, 0.7307835656184039, 0.7998666419711272, 0.4029910468904974, 0.6159483465117953, 0.7733596766011241, 0.9552005709497857, 0.13260904745729332, 0.8987269213427482, 0.4488434449707197, 0.4543223859760177]
Iteração 11: Resíduo relativo = 3.110081372917418e-05, x = [0.7231014711751883, 0.888317998253446, 0.005686244012730217, 0.3780105835275955, 0.9630925868038787, 0.032138162587133444, 0.15414804594071813, 0.06728202054195574, 0.8911951834845595, 0.6900093833360189, 0.9686281887915815, 0.1422382114200508, 0.05287990008782465, 0.7052358695964039, 0.410939514133231, 0.899326089324878, 0.627883657810749, 0.09177866441410322, 0.85284423412346, 0.13981761220438715, 0.6577078419899152, 0.6980969663677216, 0.5302487429816096, 0.890989080180306, 0.17333370437162107, 0.16751784738351644, 0.029351837452266737, 0.29356092029525566, 0.3258235608347092, 0.3896002138501957, 0.8325840075937305, 0.5599225108602564, 0.8136313353958103, 0.2707036781953688, 0.20394079311462382, 0.9792860023734526, 0.6034824027799623, 0.42552113101673117, 0.14365121603166736, 0.9513953229936244, 0.11017325272200977, 0.17620899286132732, 0.34109627421064354, 0.5245117162861251, 0.03173601200061949, 0.9962886881653861, 0.5075097460649269, 0.9809113679365835, 0.33998548045278776, 0.09666631530775657, 0.7658903699252044, 0.4043671226485801, 0.11186068380992369, 0.4952099010298546, 0.692130503921206, 0.501564202424626, 0.7306563960558593, 0.7997721051288665, 0.40270903822495463, 0.6157669323240589, 0.7732428533688819, 0.9551774787920189, 0.13216194513598484, 0.8984824990799338, 0.4475132303260048, 0.4530053947385113]
Iteração 12: Resíduo relativo = 2.0057403750035616e-16, x = [0.7231030506472295, 0.8883186353048598, 0.005691915732202292, 0.3780107604685859, 0.9630925973031478, 0.032138437920487276, 0.15414828656520227, 0.06728228587772944, 0.8911952144369061, 0.690011151570448, 0.9686283677412455, 0.1422431042259779, 0.05287990051450835, 0.7052358697291972, 0.4109395143986063, 0.8993249165850811, 0.6278793230666166, 0.09176808463928832, 0.8528425199214206, 0.1398075920302225, 0.6577038546645675, 0.6980969665037308, 0.5302487431932351, 0.8909890802294161, 0.17327513663861394, 0.16745886760811554, 0.02928306887814124, 0.2935607004984592, 0.325823351075898, 0.38960002393443177, 0.8325839555050227, 0.5599223739374486, 0.8136312774102931, 0.2706520089396069, 0.2038843938355758, 0.9792845348261618, 0.6034822202016391, 0.42552086649533444, 0.14365082172199187, 0.9513965224013191, 0.11019521079504602, 0.1762293213838815, 0.341112533843408, 0.5245234498134591, 0.031759905653436615, 0.9962886864564957, 0.5075095192955593, 0.9809113591471365, 0.3400183728735973, 0.09671133375933359, 0.7659020369904582, 0.4043566380764813, 0.1118450504205517, 0.4952010155092787, 0.6921922833192773, 0.5016642222835064, 0.7307104445599754, 0.7998122843573375, 0.40282889510120207, 0.6158440354081333, 0.7732388618973847, 0.9551766898077751, 0.13214666909766945, 0.8984762761913099, 0.44747936361728236, 0.45297186469220796]

Solução x:
[0.7231030506472295, 0.8883186353048598, 0.005691915732202292, 0.3780107604685859, 0.9630925973031478, 0.032138437920487276, 0.15414828656520227, 0.06728228587772944, 0.8911952144369061, 0.690011151570448, 0.9686283677412455, 0.1422431042259779, 0.05287990051450835, 0.7052358697291972, 0.4109395143986063, 0.8993249165850811, 0.6278793230666166, 0.09176808463928832, 0.8528425199214206, 0.1398075920302225, 0.6577038546645675, 0.6980969665037308, 0.5302487431932351, 0.8909890802294161, 0.17327513663861394, 0.16745886760811554, 0.02928306887814124, 0.2935607004984592, 0.325823351075898, 0.38960002393443177, 0.8325839555050227, 0.5599223739374486, 0.8136312774102931, 0.2706520089396069, 0.2038843938355758, 0.9792845348261618, 0.6034822202016391, 0.42552086649533444, 0.14365082172199187, 0.9513965224013191, 0.11019521079504602, 0.1762293213838815, 0.341112533843408, 0.5245234498134591, 0.031759905653436615, 0.9962886864564957, 0.5075095192955593, 0.9809113591471365, 0.3400183728735973, 0.09671133375933359, 0.7659020369904582, 0.4043566380764813, 0.1118450504205517, 0.4952010155092787, 0.6921922833192773, 0.5016642222835064, 0.7307104445599754, 0.7998122843573375, 0.40282889510120207, 0.6158440354081333, 0.7732388618973847, 0.9551766898077751, 0.13214666909766945, 0.8984762761913099, 0.44747936361728236, 0.45297186469220796]

X_aleatório_inicial:
[0.7231030506472295, 0.8883186353048598, 0.005691915732202291, 0.37801076046858584, 0.963092597303148, 0.032138437920487206, 0.1541482865652023, 0.06728228587772933, 0.8911952144369062, 0.6900111515704479, 0.9686283677412455, 0.14224310422597797, 0.05287990051450864, 0.7052358697291973, 0.41093951439860665, 0.8993249165850813, 0.6278793230666166, 0.09176808463928832, 0.8528425199214207, 0.13980759203022242, 0.6577038546645675, 0.698096966503731, 0.5302487431932355, 0.8909890802294163, 0.17327513663861394, 0.16745886760811557, 0.02928306887814125, 0.2935607004984593, 0.325823351075898, 0.3896000239344317, 0.8325839555050227, 0.5599223739374489, 0.8136312774102932, 0.27065200893960695, 0.20388439383557577, 0.9792845348261618, 0.6034822202016391, 0.4255208664953346, 0.14365082172199184, 0.9513965224013189, 0.11019521079504602, 0.1762293213838816, 0.3411125338434079, 0.524523449813459, 0.03175990565343667, 0.9962886864564957, 0.5075095192955593, 0.9809113591471363, 0.3400183728735974, 0.09671133375933372, 0.7659020369904583, 0.40435663807648126, 0.1118450504205517, 0.49520101550927875, 0.6921922833192774, 0.5016642222835063, 0.7307104445599754, 0.7998122843573376, 0.4028288951012021, 0.6158440354081333, 0.7732388618973847, 0.9551766898077754, 0.13214666909766937, 0.8984762761913099, 0.44747936361728224, 0.45297186469220796]

Erro da solução (|Ax - b|): 1.2466835295084376e-16
Erro (|Ax - b|)/|b| 2.5013716126730206e-16
Erro no vetor x: 9.737054019059959e-16

Tempo de execução: 0.0009753704071044922
