Solução x:
[0.99767566 0.04294348 0.26353208 0.44541187 0.58522729 0.20618515
 0.38471451 0.51871421 0.75440462 0.3981536  0.64103798 0.11549151
 0.09661816 0.33005561 0.74250944 0.44570782 0.42326592 0.52847716
 0.33896265 0.26544445 0.41674161 0.95146852 0.96301492 0.99110876
 0.23150706 0.15190094 0.45048671 0.43116879 0.36471177 0.0112253
 0.11800629 0.11652449 0.32972928 0.58127609 0.61120327 0.78986001
 0.15779514 0.16431356 0.894722   0.66836556 0.47372416 0.87359618
 0.44244019 0.02853764 0.84165742 0.09776293 0.7327152  0.91329023
 0.36753473 0.42810968 0.73564608 0.40330295 0.7849073  0.88848251
 0.79210341 0.97313868 0.39272473 0.08479256 0.46839272 0.10009747
 0.49486641 0.65271785 0.47799288 0.49062289 0.54287402 0.32703121
 0.23369255 0.02328484 0.50287028 0.31801515 0.02735914 0.41690374
 0.80629204 0.39997282 0.06635042 0.81878426 0.27838761 0.58974472
 0.59591481 0.3643092  0.88164788 0.77986807 0.49731832 0.1065606
 0.18945638 0.65714396 0.97534378 0.15617384 0.15921695 0.26326957
 0.62884293 0.03249735 0.38766124 0.96715299 0.25376307 0.66700766
 0.19265302 0.5282503  0.55256339 0.17236428 0.47969442 0.16282968
 0.12875879 0.66136588 0.26266831 0.03989337 0.68106306 0.60353062
 0.15492091 0.20074085 0.96370963 0.08553898]

X_aleatório_inicial:
[0.9976756558022766, 0.04294347798420428, 0.26353208003631723, 0.4454118662324149, 0.5852272927073836, 0.20618515213293176, 0.38471450643359595, 0.5187142131498959, 0.7544046167171335, 0.3981536008456692, 0.6410379784879743, 0.11549151345226938, 0.0966181640233913, 0.3300556074202138, 0.7425094449238978, 0.44570782243650897, 0.4232659241820137, 0.528477157231433, 0.33896264914898644, 0.26544445297154196, 0.41674161047360914, 0.9514685198187081, 0.9630149183811548, 0.99110876197264, 0.23150706216151562, 0.15190094026054846, 0.450486707631674, 0.43116878538217407, 0.3647117693055544, 0.011225295737183005, 0.11800628983832129, 0.11652449259392772, 0.3297292833275123, 0.5812760925640557, 0.6112032652032996, 0.7898600121509534, 0.1577951445542155, 0.1643135608196874, 0.8947220022830114, 0.6683655639734849, 0.4737241574608799, 0.8735961756147913, 0.4424401872344462, 0.028537644307656818, 0.8416574237394571, 0.09776293290177596, 0.7327151995592286, 0.9132902318441508, 0.36753473484623145, 0.42810968194465904, 0.7356460801537836, 0.4033029531963772, 0.7849073004123888, 0.8884825072508725, 0.7921034105649106, 0.9731386797155593, 0.3927247317875546, 0.08479255569117106, 0.4683927245847158, 0.10009747228790355, 0.4948664078081274, 0.6527178519029361, 0.4779928757075159, 0.49062288938021015, 0.5428740166359945, 0.32703121361196064, 0.23369255265331768, 0.02328483649665425, 0.5028702768777144, 0.3180151519621215, 0.027359144228962462, 0.41690373846472006, 0.8062920397676537, 0.3999728160944581, 0.06635041616941495, 0.8187842628505388, 0.27838760876823576, 0.5897447196255328, 0.5959148062083109, 0.3643091998073046, 0.8816478777279393, 0.7798680732545107, 0.49731832265818, 0.10656059956201458, 0.1894563757065323, 0.6571439568467554, 0.9753437827204644, 0.15617383976940635, 0.15921695328266516, 0.26326956873613017, 0.6288429278958502, 0.03249735216801353, 0.38766123625724747, 0.9671529911337383, 0.25376306752419686, 0.6670076577165676, 0.19265302379566307, 0.5282502965884388, 0.5525633928427396, 0.17236428447513263, 0.4796944216266581, 0.16282968148974164, 0.12875879291018544, 0.6613658781482604, 0.26266830879420566, 0.03989337439735752, 0.6810630618320518, 0.6035306227773832, 0.15492091119013673, 0.20074084804722925, 0.9637096271329009, 0.08553898205658828]

Erro da solução (|Ax - b|): 2.2052614250616498e-05
Erro (|Ax - b|)/|b| 1.830306492832622e-16
Erro no vetor x: 3.0470314332535966e-12

Tempo de execução: 0.0011587142944335938
