Matriz não é simétrica positiva definida

Solução x:
[1, 1, 1, 1, 1, 1, 1, 1, 1, 1, 1, 1, 1, 1, 1, 1, 1, 1, 1, 1, 1, 1, 1, 1, 1, 1, 1, 1, 1, 1, 1, 1, 1, 1, 1, 1, 1, 1, 1, 1, 1, 1, 1, 1, 1, 1, 1, 1, 1, 1, 1, 1, 1, 1, 1, 1, 1, 1, 1, 1, 1, 1, 1, 1, 1, 1, 1, 1, 1, 1, 1, 1, 1, 1, 1, 1, 1, 1, 1, 1, 1, 1, 1, 1, 1, 1, 1, 1, 1, 1, 1, 1, 1, 1, 1, 1, 1, 1, 1, 1, 1, 1, 1, 1, 1, 1, 1, 1, 1, 1, 1, 1, 1, 1, 1, 1, 1, 1, 1, 1, 1, 1, 1, 1, 1, 1, 1, 1, 1, 1, 1, 1, 1, 1, 1, 1, 1, 1, 1, 1, 1, 1, 1, 1, 1, 1, 1, 1, 1, 1, 1, 1, 1, 1, 1, 1, 1, 1, 1, 1, 1, 1, 1, 1, 1, 1, 1, 1, 1, 1, 1, 1, 1, 1, 1, 1, 1, 1, 1, 1, 1, 1, 1, 1, 1, 1, 1, 1, 1, 1, 1, 1, 1, 1, 1, 1, 1, 1, 1, 1, 1, 1, 1, 1, 1, 1, 1, 1, 1, 1, 1, 1, 1, 1, 1, 1, 1, 1, 1, 1, 1, 1, 1, 1, 1, 1, 1, 1, 1, 1, 1, 1, 1, 1, 1, 1, 1, 1, 1, 1, 1, 1, 1, 1, 1, 1, 1, 1, 1, 1, 1, 1, 1, 1, 1, 1, 1, 1, 1, 1, 1, 1, 1, 1, 1, 1, 1, 1, 1, 1, 1, 1, 1, 1, 1, 1, 1, 1, 1, 1, 1, 1, 1, 1, 1, 1, 1, 1, 1, 1, 1, 1, 1, 1, 1, 1, 1, 1, 1, 1, 1, 1, 1, 1, 1, 1, 1, 1, 1, 1, 1, 1, 1, 1, 1, 1, 1, 1, 1, 1, 1, 1, 1, 1, 1, 1, 1, 1, 1, 1, 1, 1, 1, 1, 1, 1, 1, 1, 1, 1, 1, 1, 1, 1, 1, 1, 1, 1, 1, 1, 1, 1, 1, 1, 1, 1, 1, 1, 1, 1, 1, 1, 1, 1, 1, 1, 1, 1, 1, 1, 1, 1, 1, 1, 1, 1, 1, 1, 1, 1, 1, 1, 1, 1, 1, 1, 1, 1, 1, 1, 1, 1, 1, 1, 1, 1, 1, 1, 1, 1, 1, 1, 1, 1, 1, 1, 1, 1, 1, 1, 1, 1, 1, 1, 1, 1, 1, 1, 1, 1, 1, 1, 1, 1, 1, 1, 1, 1, 1, 1, 1, 1, 1, 1, 1, 1, 1, 1, 1, 1, 1, 1, 1, 1, 1, 1, 1, 1, 1, 1, 1, 1, 1, 1, 1, 1, 1, 1, 1, 1, 1, 1, 1, 1, 1, 1, 1, 1, 1, 1, 1, 1, 1, 1, 1, 1, 1, 1, 1, 1, 1, 1, 1, 1, 1, 1, 1, 1, 1, 1, 1, 1, 1, 1, 1, 1, 1, 1, 1, 1]

X_aleatório_inicial:
[0.8327402055909119, 0.021388026566406926, 0.729896181833286, 0.19628605784293895, 0.287966639311808, 0.3112914619498136, 0.8577021233329343, 0.13586306340207777, 0.775484239625822, 0.15430748904934966, 0.00466316937942024, 0.08453785966441596, 0.6899434153508853, 0.8858507202959256, 0.8561718888534265, 0.13044349480098694, 0.4565452542732774, 0.7303366480273399, 0.3864723263656038, 0.720674524777788, 0.26111969279754477, 0.9504116528776587, 0.12491445488744624, 0.8817632644640501, 0.26015165516464955, 0.9554546954013556, 0.34257982613087046, 0.9194608068560294, 0.46647384358186783, 0.8643711575152834, 0.9312361346182038, 0.6442207271222706, 0.5454076945713036, 0.6946056635618614, 0.5262306337419431, 0.638064654944659, 0.978476943853668, 0.7168056235226882, 0.7124660156284102, 0.5639951819781781, 0.11174376530709973, 0.9178193792733388, 0.6986320869915514, 0.03765683993444624, 0.2552598215987216, 0.24089306300052427, 0.09404344975787626, 0.47534191709188456, 0.17377438258498124, 0.8415690490657632, 0.1359603971817659, 0.10647415927171644, 0.7565917781384348, 0.445846284224898, 0.7959803139451845, 0.6555882324141891, 0.4028921094044775, 0.8266036609932995, 0.8842528660244823, 0.7445468667911944, 0.4251442867797005, 0.7516412219150901, 0.5801993212187836, 0.2182146694027417, 0.4029184655244554, 0.05103347333966157, 0.521606570829908, 0.5076358199654153, 0.5950013785652082, 0.7872106889811651, 0.41648572185355637, 0.4068161128408896, 0.8593818155320784, 0.14930961620190408, 0.06401327961115821, 0.12212878982407782, 0.5182409992437976, 0.2732025530400941, 0.7972612896981416, 0.7284732361679797, 0.5521173350586741, 0.32840629691076895, 0.3764492293824415, 0.16894697836415218, 0.04069666005368788, 0.5519650374460617, 0.5969651569804222, 0.2484480636641586, 0.7779489931952206, 0.8643659964471894, 0.9801208731470291, 0.22059450534976155, 0.07684746751156002, 0.2674948570562694, 0.157231039926516, 0.8570041517162428, 0.4167754664935014, 0.33546013548343245, 0.15433285652139395, 0.5530267535139052, 0.5447123194770493, 0.9335182959985152, 0.12771297458078146, 0.09064393979597574, 0.831027913166005, 0.9009387880592298, 0.26732828515887985, 0.5476168398200241, 0.8506086592231026, 0.45398551420771827, 0.8631247711059159, 0.35591934843778894, 0.38672139297254515, 0.8279724643728392, 0.8725174952401922, 0.34862133491607683, 0.40722887002046115, 0.2787665036839063, 0.4474247800394964, 0.4198980239857505, 0.9531618402811652, 0.7818775401707939, 0.20384421573196687, 0.03637620128228758, 0.7820608856558904, 0.7997163354071986, 0.06601641159371607, 0.12090894887299009, 0.5420265542740418, 0.5984444785933423, 0.3243077805814718, 0.4174937358275145, 0.018752965858609305, 0.44044563799809355, 0.9488371283928108, 0.2618254124535895, 0.7538397606190981, 0.07885685110708796, 0.6447450805417239, 0.6136120182775081, 0.3821138289581396, 0.9752143805604997, 0.8761994900754458, 0.6424292466180137, 0.4919204422465079, 0.34852141438748263, 0.46542906650765137, 0.865727735934569, 0.25655366745257036, 0.37413761061414497, 0.07606181597846728, 0.10362073711141462, 0.7340205504353784, 0.7116635688222924, 0.5733884947981867, 0.5995386475493268, 0.6675617100866388, 0.9681488006014366, 0.8324116896991797, 0.7884401580272448, 0.44165257219365317, 0.30967043527069393, 0.25490978878304027, 0.8668560922943634, 0.4489269740805666, 0.5200278697163226, 0.3821327756965055, 0.30440592142636524, 0.6591513472537233, 0.9058692144845372, 0.9005398978530904, 0.35500377253915905, 0.1642791008144976, 0.4574345031772993, 0.33160975501207846, 0.6877091368162127, 0.771466073086624, 0.29722395447079253, 0.204332029019769, 0.15365373540633365, 0.6918639226139494, 0.5551550827293114, 0.9330542981196956, 0.44805399742593943, 0.9136765603523154, 0.7054097937936187, 0.03718258134247343, 0.13677069406394537, 0.05390360980296549, 0.3230737717906418, 0.3489740806448878, 0.22411882929799853, 0.6591033136099509, 0.7191354973798553, 0.6279406734291013, 0.773870903691394, 0.14651319881098135, 0.9440029588285043, 0.14403939176054148, 0.4778490765993457, 0.6701035370320293, 0.5646861585234787, 0.5567242339097807, 0.02992402299508856, 0.9211091380204625, 0.4218734701745235, 0.9384845520658223, 0.9215641848248518, 0.4791480902014884, 0.08427961610883528, 0.38359181239201356, 0.16243492062221065, 0.1108579623285606, 0.6372552504560076, 0.5321935554554587, 0.3561758837893123, 0.05871070767207687, 0.3750028213285296, 0.032659439308910354, 0.757817424431816, 0.35629591062984034, 0.00045676557129126216, 0.8732857315624251, 0.04636940113752697, 0.7806508476871018, 0.2970009553211944, 0.7576400975356226, 0.47823434270167087, 0.5069227970355122, 0.6701543478385051, 0.8443148368280327, 0.0026479386673419203, 0.19877500845095475, 0.9071711158744001, 0.08847089735435498, 0.5307648653268338, 0.7448827495181306, 0.9125497335373766, 0.9700513978575501, 0.3591770082092258, 0.5449847695899289, 0.5080229032624685, 0.018661118673237054, 0.9047319702586427, 0.7035059778844863, 0.3990606831885981, 0.11815424504730698, 0.31316607082773196, 0.4221734852469865, 0.19723046891981477, 0.31137301308403553, 0.23888376266757338, 0.9233289467310076, 0.2676429431544316, 0.04117784625540355, 0.4127564057550561, 0.21988440270624354, 0.5539675205123157, 0.8572200354584222, 0.49076215677823676, 0.3539054994460885, 0.44703869888364334, 0.07549964279431176, 0.5442537127904344, 0.25677195418040155, 0.03397163836087824, 0.6491440621995312, 0.9121909810547851, 0.6851486821783578, 0.16208034354943912, 0.6189977710875866, 0.2999933799923117, 0.450834330683345, 0.6478725356930708, 0.05802873444448764, 0.5574861872102149, 0.1750917803802048, 0.7449147457194154, 0.7788740423222222, 0.4878355457692476, 0.6531296819057367, 0.4744434823590373, 0.4009906241514747, 0.08401816477204505, 0.20366525245871936, 0.738222227074043, 0.7946055707443956, 0.6266222404081293, 0.8399741110796299, 0.30433935230636033, 0.676943344735863, 0.08937047158430866, 0.012741352753440904, 0.18987109879174702, 0.828110163135481, 0.9740597972260209, 0.8101809077305387, 0.6713275646208059, 0.44129620597186914, 0.7748851962707405, 0.6483896878218754, 0.05960300672820795, 0.26750655264521617, 0.4431592139444366, 0.3624974056235475, 0.9135864001870699, 0.35444203811351305, 0.5599254265624255, 0.008554064543346951, 0.7445144780460217, 0.4954321029918174, 0.6665585039173247, 0.6591204869295698, 0.6580614384047769, 0.9066483043695922, 0.15242250638046728, 0.7290140237806526, 0.3356031198133317, 0.11576409195442672, 0.5250532890787736, 0.8759645152165058, 0.8911501535165729, 0.9530701573748396, 0.8374160506527581, 0.31639143605345055, 0.7696197503156299, 0.577476162077971, 0.3547156376518481, 0.7831667768709432, 0.6944252521735801, 0.9708963104344565, 0.4661657197938699, 0.2722027375127516, 0.2239652739739828, 0.9007181959145466, 0.7758153560439534, 0.23140721895771577, 0.8518765433925773, 0.47603498755978746, 0.08775026136862019, 0.79579895699851, 0.45536916331023336, 0.42260568206477334, 0.5915899943671623, 0.2894604311583443, 0.012609952428911386, 0.9820910718514829, 0.2971587542759643, 0.16303736928441082, 0.27041729177878626, 0.33595125001682624, 0.6695643398200906, 0.5076671118239736, 0.6951503588492605, 0.6668228211647282, 0.7909378330173371, 0.8008150624926399, 0.31940121091782014, 0.9736647352077471, 0.07462223741607699, 0.13869248756382002, 0.307028511130916, 0.6959111368186078, 0.967243485201337, 0.10699862135204741, 0.28233106123357776, 0.07683403284016743, 0.16539435762836419, 0.6627213394028352, 0.6389932143745465, 0.5902514745022889, 0.6424185222622099, 0.38711831240561545, 0.7973717882822903, 0.16486369288613345, 0.4114848624317794, 0.6096061269522948, 0.8656048168182127, 0.25711551692005374, 0.08852452144336831, 0.5119552631522913, 0.7165653778449126, 0.9528195493847083, 0.19480048723696108, 0.1304045648144121, 0.9678658635815957, 0.6827250455669479, 0.3699577720357681, 0.49515296651664487, 0.41545583550496923, 0.3237064948297995, 0.05161295041209313, 0.644212551476905, 0.14084483776070755, 0.2789593089259498, 0.7705305929070067, 0.3468102294349825, 0.42808203602809025, 0.15624601631651025, 0.47050642897102946, 0.2681450404372606, 0.33270841553148134, 0.5869515860114104, 0.022452922379464835, 0.3449647531265344, 0.1579343363301322, 0.6262810445131496, 0.22566220438468598, 0.7487152089850824, 0.03366147188991331, 0.551585478141841, 0.10971791745794612, 0.6579237609141496, 0.7470738076175273, 0.7776486167867354, 0.1934272360551702, 0.44110911378273243, 0.06071184364621007, 0.5894082022573421, 0.8193450447072655, 0.2375649896358074, 0.3410033635095432, 0.6389194488290163, 0.773082911378357, 0.4141414546989497, 0.4688147249158636, 0.2859309880000971, 0.6003829357306446, 0.0578129358307794, 0.7745893656994596, 0.3452579654498895, 0.6871514438597593, 0.7233429891852573, 0.2827844851917548, 0.3601539410276591, 0.2979605802368943, 0.7639084972567974, 0.7570621157040821, 0.6240233815077297, 0.2049548058411892, 0.4312121893055142, 0.98762449534989, 0.8376256974548523, 0.9455419312652655, 0.5989731673983494, 0.5267937929111288, 0.23701785364643269, 0.6379392453920557, 0.22409474499631665, 0.3373195801146516, 0.21515723269505227, 0.47470128815466583, 0.6766133899535691, 0.6240916187638522, 0.8451567874723612, 0.7325576581780315, 0.21921574417645873, 0.7672189593681631, 0.37271584582694195, 0.8651836915049979, 0.08478197185911951, 0.010705566484361162, 0.2911630074712276, 0.10416360341739384, 0.490394150070807, 0.040798461644904416, 0.5194931192982595, 0.8501000161117966, 0.25231321232892023, 0.23615683958768996, 0.8369094063269861, 0.9621102636509535, 0.9935642396687838, 0.30538027443727456, 0.33575851082440333, 0.6965919561018471, 0.8264454299454921, 0.33581132688744453, 0.9209390202803688, 0.8716166721570322, 0.7195386855771486, 0.015560615624111929, 0.9847946849503325, 0.4813426072809033, 0.9565169158416237, 0.540140186827139, 0.7970574555943596, 0.03588835001192836, 0.6539961095185355, 0.9143538092128173, 0.6612191531417406, 0.04065593479553786, 0.7683046698811649, 0.4712982161414887, 0.7466252969098989, 0.7750227915748641, 0.5818275956693446, 0.324089078160143, 0.2914947628715773, 0.6829150111506032]

Erro da solução (|Ax - b|): 120.31492984233275
Erro (|Ax - b|)/|b| 1.0301509156308446
Erro no vetor x: 12.902349131810086

Tempo de execução: 0.013396263122558594
