Solução x:
[1.59168228e-01 9.04120919e-01 7.99013584e-01 5.68381989e-01
 2.96251416e-01 1.07905837e-01 7.54729798e-01 3.58871456e-01
 9.09464489e-01 4.32279573e-01 8.75470187e-01 9.12321234e-01
 8.62253056e-02 5.46626738e-01 1.56850844e-01 7.03219627e-01
 6.42586321e-01 1.65278935e-02 2.72922972e-01 3.23452546e-02
 7.90063581e-01 4.66500294e-02 3.28838562e-01 9.74380393e-01
 3.15290765e-02 2.62892780e-01 4.61796918e-01 7.07908833e-01
 3.71165353e-04 9.46356221e-01 1.27865460e-01 6.21789517e-02
 6.48144296e-01 7.03589938e-01 6.94049119e-01 1.94885903e-01
 2.69707176e-02 8.18151255e-01 4.05785079e-01 6.27697479e-01
 7.09654584e-01 3.57692062e-02 1.28890123e-01 2.14939416e-01
 4.58288847e-01 7.19452075e-02 3.96697038e-01 5.00250204e-01
 5.22488319e-02 6.62305125e-02 3.83954900e-01 2.79073204e-01
 3.15478854e-01 8.24987932e-01 4.56450794e-01 1.06935357e-01
 1.69575650e-01 9.58047896e-01 4.53684486e-01 3.21457239e-01
 6.13395626e-01 3.22012115e-01 2.70999113e-01 5.12024002e-02
 3.62918969e-01 2.99418779e-01 7.72533992e-01 4.70462937e-01
 6.18130063e-01 2.64394921e-01 1.01446450e-01 6.05189689e-01
 3.73597398e-01 6.25768359e-01 9.87123578e-01 4.38814306e-01
 8.17478922e-01 6.42372981e-01 7.97077192e-01 9.68768525e-01
 5.81209907e-01 9.29580954e-01 8.92258599e-01 8.83358188e-01
 8.14094066e-01 1.52643940e-01 4.50899735e-02 2.25278971e-01
 7.78779947e-01 8.99600462e-01 8.86678398e-01 9.76954887e-01
 5.64837412e-01 4.18946541e-01 3.28314117e-01 2.41232676e-01
 3.59930953e-01 4.55046758e-01 8.87077667e-01 4.75308004e-01
 8.64692803e-01 4.66335838e-01 4.79517846e-01 9.55505532e-02
 1.54873287e-02 9.72669488e-01 1.82383236e-01 9.21321498e-02
 5.34962409e-01 9.15234282e-02 9.67226378e-01 2.93890855e-02
 8.37897498e-01 2.62337520e-01 5.32475254e-01 5.55875839e-01
 8.44827151e-01 9.19291638e-01 4.75655138e-01 1.93252465e-01
 9.40826863e-01 4.69845563e-01 4.22656753e-01 7.46290037e-02
 3.44816128e-01 2.89245172e-01 3.98861961e-01 9.06176223e-01
 2.56394647e-01 3.13559135e-01 2.93326835e-01 5.21503452e-02
 9.70125476e-01 3.04534866e-01 8.71841013e-01 4.38316322e-01
 1.89932747e-01 9.39896216e-02 2.26799866e-02 2.38273035e-02
 3.41124588e-01 6.51958031e-01 5.40909427e-01 5.83620428e-01
 9.77025789e-01 1.11074768e-01 8.52906595e-01 7.96694391e-01
 4.94878246e-01 9.17968650e-01 2.76660002e-01 6.21044879e-01
 1.99081540e-01 4.40138682e-03 7.13835793e-01 9.33774766e-02
 8.25617506e-01 9.09305520e-01 1.00854798e-01 7.71300472e-01
 8.92998269e-01 1.38316485e-01 5.42354019e-01 4.63834243e-01
 2.22831584e-02 3.14083888e-01 5.82856787e-01 9.69818892e-02
 2.39394895e-01 5.77285464e-03 8.73883216e-01 5.69365881e-01
 3.26917079e-01 9.85891044e-01 1.13435953e-01 3.93510028e-01
 8.02918023e-01 3.42462399e-01 2.71905208e-01 2.74669759e-01
 5.37636102e-01 5.26826661e-01 4.44442095e-01 6.03794800e-01
 7.54176417e-01 6.25212913e-03 1.30115049e-02 1.82893195e-01
 8.51821672e-01 4.56109524e-01 3.28215551e-01 9.28405947e-01
 3.06573161e-01 5.78680592e-01 7.22963824e-01 3.10439565e-01
 6.33936113e-01 1.52296383e-01 4.90644493e-01 8.39899656e-01
 8.23017694e-01 6.06712693e-01 2.29980943e-01 6.00134000e-01
 6.60975261e-01 8.07349163e-01 6.49071129e-01 5.18046659e-01
 6.46282348e-01 2.96925195e-01 1.95225537e-01 2.01755306e-01
 3.19435686e-01 6.90744466e-01 1.18991676e-01 6.47272031e-01
 4.66966125e-01 2.40152336e-01 8.17011413e-01 2.72397669e-02
 3.27151384e-01 2.22411718e-01 8.62408473e-01 1.21965662e-01
 7.11764309e-01 6.06227945e-01 7.67375556e-01 5.07788594e-01
 2.68546514e-02 3.22710841e-01 7.33293790e-01 3.51584518e-01
 5.61013259e-01 7.12064773e-01 8.49824076e-01 5.21823258e-01
 6.40741438e-01 4.47186977e-02 9.88769813e-01 6.90274434e-01
 8.37902154e-01 6.72913731e-01 8.09386413e-01 3.62923993e-01
 4.08920688e-01 7.61683418e-02 8.49144115e-01 9.40859355e-01
 9.35783192e-01 4.83746817e-01 7.19905928e-02 9.52687007e-01
 9.14368909e-01 3.97719695e-01 3.56222380e-01 2.67416214e-01
 1.77846956e-01 8.53786628e-01 1.43203112e-01 4.42867869e-01
 5.44655475e-01 9.76919466e-01 3.49485750e-01 7.83264643e-01
 2.20373432e-02 3.62031250e-01 8.04226065e-01 6.52188920e-01
 8.32671186e-01 4.63272389e-01 7.90868555e-01 9.70578367e-01
 7.31145029e-01 6.26861508e-01 9.39968943e-01 6.54418714e-01
 8.29759171e-01 9.96808722e-01 1.04431517e-01 3.07726560e-01
 3.38894396e-01 9.22286005e-02 9.25091228e-01 9.75219140e-02
 7.15029329e-01 3.23039770e-01 7.45867552e-01 5.90585544e-01
 9.94800243e-01 4.20109175e-01 7.28032312e-01 8.06059905e-01
 1.33097916e-01 1.62298542e-01 3.46540699e-01 6.12728172e-01
 4.70718055e-01 4.49751662e-01 3.91387405e-01 2.06134927e-01
 2.40960109e-01 2.58443988e-01 8.19173109e-02 4.43518262e-01
 7.21894488e-01 1.56246314e-01 8.06725577e-01 3.29995025e-01
 3.14118086e-01 1.28265095e-01 7.27565234e-01 1.60509485e-01
 3.72309680e-01 9.01512615e-01 9.50893105e-01 4.65615979e-01
 3.16812304e-01 7.38562484e-01 3.21520394e-01 5.43809770e-01
 5.28770667e-01 8.78846271e-01 3.19792798e-01 3.14611250e-02
 2.60172026e-01 9.37385632e-01 6.44375374e-01 4.63233334e-01
 3.22373833e-01 8.17770824e-01 5.33397511e-01 5.86383958e-01
 4.48542964e-01 6.13571074e-01 7.65276328e-01 8.29177199e-01
 3.37015498e-01 8.68224451e-01 2.84442102e-01 6.95512526e-01
 9.94793013e-01 4.40400172e-01 2.83096803e-01 4.05843475e-01
 3.32014235e-01 9.03245647e-01 3.93293108e-01 7.86770869e-01
 8.89439763e-01 4.08292499e-01 4.59091760e-01 5.20614820e-01
 5.58931997e-01 7.06635813e-01 3.98151851e-01 3.70780375e-02
 3.70689471e-01 7.27424448e-01 8.84323608e-01 1.65539126e-01
 4.23746072e-01 5.18144082e-01 3.75343911e-01 9.19789839e-01
 5.56137746e-01 4.03423805e-01 1.63141508e-01 2.71812936e-02
 7.99029810e-01 9.39278490e-01 9.15721153e-02 3.78502513e-01
 6.21172012e-02 5.94266405e-01 1.76139501e-02 9.79946300e-01
 4.88103090e-01 3.21789178e-01 1.15155658e-01 7.42355193e-01
 5.40144997e-01 5.12339587e-01 2.89254991e-01 9.58464605e-01
 3.15282545e-01 6.72466162e-01 3.13777851e-01 3.60874224e-01
 3.97203874e-01 1.01465280e-01 6.93498368e-01 6.48756463e-02
 3.67875954e-01 9.65728024e-01 3.25669345e-02 2.26913842e-01
 9.17952129e-01 8.70153284e-01 2.12637763e-01 1.39375555e-01
 7.82285395e-02 5.95280299e-01 6.60413616e-01 5.08551338e-01
 1.10052586e-01 6.24124483e-01 9.36663255e-01 8.47291964e-01
 9.34023094e-01 9.13252185e-01 4.36149134e-01 9.59420150e-01
 5.39335714e-02 4.61989667e-01 6.24649402e-01 1.84667071e-01
 4.57172128e-01 7.23904896e-01 2.04031772e-01 4.25101737e-01
 5.01213539e-01 7.34540366e-01 1.80834325e-01 7.35314374e-01
 8.40419080e-01 4.33202962e-01 6.47162478e-01 2.09403415e-01
 6.24451471e-01 5.70979869e-02 3.83706518e-01 8.26949823e-01
 8.38525651e-02 8.45872876e-01 7.58412510e-01 1.43525759e-01
 9.54656474e-01 6.48904894e-01 8.12583506e-01 5.45661529e-01
 1.21456359e-01 8.27422718e-01 3.08233503e-01 7.37431743e-02
 1.51857007e-01 1.85428565e-01 3.06984869e-01 7.53200580e-01
 3.71568106e-01 2.95929947e-01 1.78631418e-01 2.58369244e-02
 5.22136596e-01 2.70680338e-01 7.02733977e-01 4.68389515e-01
 8.58168570e-02 5.70994736e-01 2.08835441e-01 5.37054303e-01
 8.60094831e-01 5.48624583e-01 2.55829875e-01 7.92259821e-01
 8.02399045e-01 5.72972407e-01 2.81570451e-01 8.26693014e-01
 2.22784751e-01 2.31411935e-01 7.28125712e-02 2.54812934e-01
 1.83546085e-01 5.18730292e-01 7.08053235e-03 3.87272134e-01
 4.09164163e-01 2.45594918e-01 6.59836555e-01 8.34372074e-01
 7.95634052e-01 7.55325107e-01 6.53148167e-01 2.20972421e-01
 7.62335372e-01 2.40156653e-01 2.58146572e-01 7.02059415e-01
 7.51172648e-01 8.86911675e-01 3.65691421e-01 7.91863367e-01
 4.80378730e-01 2.55118980e-01 8.13878365e-02 7.07271775e-01
 9.92857262e-01 1.80555345e-01 3.77544944e-02 1.18136249e-01]

X_aleatório_inicial:
[0.15916822750632842, 0.9041209187778133, 0.7990135838918734, 0.5683819886083024, 0.2962514159792786, 0.10790583726867065, 0.7547297982126726, 0.3588714559892203, 0.9094644891891142, 0.43227957308138654, 0.8754701871965552, 0.912321234033374, 0.08622530558704167, 0.5466267380328408, 0.1568508441269646, 0.7032196273634594, 0.6425863210150876, 0.016527893534394322, 0.27292297240257324, 0.03234525460026172, 0.7900635809349454, 0.046650029359457834, 0.32883856171856696, 0.9743803930185327, 0.03152907649449799, 0.26289278016623374, 0.46179691829574265, 0.7079088331373491, 0.0003711653526210501, 0.9463562205820768, 0.1278654602019179, 0.06217895165402598, 0.6481442960303586, 0.7035899379138099, 0.6940491188578631, 0.19488590345629475, 0.026970717556479284, 0.8181512545401515, 0.4057850788025207, 0.6276974789262756, 0.7096545840311896, 0.03576920620404889, 0.12889012291863766, 0.21493941553746387, 0.4582888466648627, 0.07194520753887701, 0.39669703822907265, 0.5002502038193866, 0.05224883185061868, 0.06623051252512346, 0.3839548996011819, 0.2790732035604112, 0.31547885422561783, 0.8249879316067374, 0.4564507935082657, 0.10693535657602149, 0.16957565009649755, 0.9580478955842929, 0.45368448613673373, 0.3214572393920697, 0.6133956259967693, 0.32201211450096856, 0.27099911279162514, 0.0512024002400453, 0.36291896912255994, 0.29941877876627077, 0.7725339915261901, 0.4704629369216151, 0.6181300631718081, 0.26439492070832726, 0.1014464503593615, 0.6051896892625832, 0.3735973978944115, 0.6257683588257609, 0.9871235776569128, 0.4388143058598125, 0.8174789222683947, 0.6423729811044929, 0.7970771917383032, 0.968768524741626, 0.5812099067197678, 0.9295809540739717, 0.8922585992730259, 0.883358187841466, 0.8140940655410936, 0.15264394024238537, 0.04508997347485255, 0.22527897109945016, 0.7787799471731236, 0.8996004623447116, 0.886678398297826, 0.9769548873892971, 0.5648374115185228, 0.4189465410989619, 0.32831411745656525, 0.24123267631573353, 0.35993095261917185, 0.45504675808677963, 0.8870776666688067, 0.4753080037202574, 0.864692803469035, 0.46633583849642246, 0.47951784559859, 0.09555055319782957, 0.015487328708284398, 0.9726694877406065, 0.18238323629510578, 0.09213214976858641, 0.5349624087067024, 0.09152342821502457, 0.9672263776892455, 0.029389085476757892, 0.8378974979182056, 0.2623375199013632, 0.53247525372524, 0.5558758387752866, 0.8448271514539419, 0.9192916378064205, 0.4756551384983645, 0.1932524654380069, 0.9408268632324922, 0.4698455628888536, 0.4226567529708146, 0.07462900374414239, 0.3448161280471401, 0.28924517220691726, 0.3988619610875964, 0.9061762229732014, 0.25639464746622265, 0.31355913481561537, 0.293326834723719, 0.052150345213610394, 0.9701254758327819, 0.30453486643765526, 0.8718410127290273, 0.43831632198661175, 0.18993274703596386, 0.09398962155683654, 0.022679986586446987, 0.023827303531110178, 0.34112458836992254, 0.6519580314517132, 0.5409094273071505, 0.5836204283538772, 0.9770257892955329, 0.11107476751892942, 0.8529065946790896, 0.796694390882482, 0.4948782463033927, 0.9179686495485662, 0.276660001911435, 0.6210448790734184, 0.19908153998440425, 0.004401386822549869, 0.7138357925698733, 0.0933774766350115, 0.8256175056300222, 0.9093055204944503, 0.10085479776357553, 0.7713004719306112, 0.8929982687176037, 0.138316484612639, 0.5423540188188026, 0.4638342430545991, 0.022283158436754325, 0.31408388790145547, 0.5828567873419546, 0.09698188924887818, 0.23939489466654684, 0.005772854635096469, 0.8738832163217725, 0.5693658812311955, 0.326917079422394, 0.9858910439911243, 0.11343595264905582, 0.39351002750605735, 0.8029180227621197, 0.34246239925569544, 0.27190520785594063, 0.2746697594538029, 0.5376361019900779, 0.5268266608166218, 0.4444420945333606, 0.6037947999998152, 0.7541764167675731, 0.006252129134096229, 0.013011504945987351, 0.18289319465415388, 0.8518216722839935, 0.4561095240469877, 0.3282155507466894, 0.9284059474720241, 0.30657316093017506, 0.5786805919532041, 0.7229638242803034, 0.3104395652919252, 0.6339361134131575, 0.15229638333438023, 0.4906444928868293, 0.8398996564680276, 0.8230176942674288, 0.6067126934791512, 0.22998094348768472, 0.6001339998229234, 0.6609752611837568, 0.8073491633477652, 0.6490711287722208, 0.5180466587262192, 0.6462823477551137, 0.29692519483038404, 0.1952255366824166, 0.20175530585855928, 0.3194356863038157, 0.6907444655921099, 0.11899167636789487, 0.6472720307358835, 0.46696612509555835, 0.24015233621864762, 0.8170114131869092, 0.02723976693909891, 0.32715138424599344, 0.22241171810957616, 0.8624084728019656, 0.12196566236892781, 0.71176430851639, 0.6062279447929555, 0.7673755556426017, 0.5077885940785168, 0.026854651449284228, 0.3227108414723032, 0.7332937904965797, 0.3515845184278493, 0.5610132586693364, 0.7120647730114982, 0.8498240755384758, 0.5218232579511757, 0.6407414375630281, 0.044718697743021285, 0.9887698125739496, 0.6902744336495332, 0.8379021538196723, 0.6729137310270609, 0.8093864126925457, 0.36292399327941893, 0.40892068780314483, 0.0761683418429846, 0.8491441149062883, 0.9408593545028046, 0.9357831916523922, 0.4837468174187868, 0.07199059282522813, 0.9526870067869757, 0.9143689092021622, 0.3977196945293825, 0.356222379845349, 0.26741621445385866, 0.17784695617552082, 0.8537866280200924, 0.1432031123647306, 0.44286786853129245, 0.544655474822666, 0.9769194659249897, 0.349485749567928, 0.7832646433385845, 0.02203734320415085, 0.3620312504111439, 0.8042260651309421, 0.6521889198824447, 0.8326711862356306, 0.46327238914846436, 0.7908685546675098, 0.9705783672970822, 0.731145028798054, 0.6268615081690793, 0.939968942623233, 0.6544187141814561, 0.8297591714452749, 0.9968087217879217, 0.10443151684463925, 0.3077265602794844, 0.3388943961854469, 0.09222860047431858, 0.925091227906448, 0.09752191403150123, 0.7150293294182659, 0.3230397697007189, 0.74586755207334, 0.5905855438086474, 0.9948002431218887, 0.4201091747000375, 0.7280323121966329, 0.8060599054477695, 0.13309791608604293, 0.1622985422735661, 0.34654069858455094, 0.6127281717388838, 0.4707180554783198, 0.44975166183523785, 0.39138740496523616, 0.2061349266578948, 0.2409601094744077, 0.25844398839640637, 0.08191731088738796, 0.4435182617321647, 0.7218944883026777, 0.15624631383063026, 0.8067255771950708, 0.3299950250322998, 0.31411808554318754, 0.12826509455033341, 0.7275652336182912, 0.16050948510835594, 0.3723096801457678, 0.9015126154756189, 0.9508931051490658, 0.46561597941340405, 0.3168123044167621, 0.7385624836871777, 0.32152039397571486, 0.5438097697904081, 0.528770667128894, 0.8788462708208143, 0.31979279835381136, 0.03146112499491416, 0.26017202553339003, 0.937385632223041, 0.6443753744872011, 0.46323333358250973, 0.32237383318712065, 0.8177708242005874, 0.5333975112863559, 0.5863839579760933, 0.44854296425991746, 0.6135710740205261, 0.7652763279170014, 0.8291771986335084, 0.3370154981014809, 0.8682244513660946, 0.28444210207325926, 0.6955125261052985, 0.9947930127249628, 0.44040017241629004, 0.2830968027127112, 0.40584347530385756, 0.33201423495040316, 0.9032456472265902, 0.3932931076052504, 0.7867708693396255, 0.8894397625185576, 0.4082924986307016, 0.4590917604322001, 0.5206148203880727, 0.5589319969246035, 0.7066358131573034, 0.3981518505588528, 0.03707803750107275, 0.3706894711696196, 0.7274244477083839, 0.884323607695332, 0.1655391263626902, 0.42374607162078715, 0.5181440821007731, 0.37534391105163367, 0.9197898393506853, 0.5561377463379056, 0.40342380512253795, 0.1631415082500286, 0.027181293638666393, 0.799029809975498, 0.9392784903349491, 0.09157211526747389, 0.3785025126562881, 0.06211720123752584, 0.5942664048743722, 0.017613950054770622, 0.979946299723433, 0.48810308953662795, 0.32178917759514636, 0.11515565840170094, 0.7423551931285501, 0.5401449972691025, 0.5123395865182857, 0.28925499121395115, 0.9584646048033278, 0.3152825446469535, 0.672466162357373, 0.3137778514025942, 0.36087422388143076, 0.39720387380033473, 0.10146527951255946, 0.6934983681523206, 0.0648756462784974, 0.3678759540765921, 0.9657280240392696, 0.03256693451977777, 0.2269138415078089, 0.9179521293553607, 0.8701532842504024, 0.21263776252133726, 0.13937555500843168, 0.07822853951784225, 0.5952802993191689, 0.6604136162014842, 0.5085513376170104, 0.1100525864308286, 0.6241244829050321, 0.9366632548775893, 0.8472919643366921, 0.9340230938238194, 0.9132521848426541, 0.43614913377706643, 0.9594201502199738, 0.05393357138285593, 0.4619896672398369, 0.6246494024093633, 0.18466707104722968, 0.4571721282902683, 0.7239048961911102, 0.2040317724336801, 0.4251017365038804, 0.5012135392892012, 0.7345403661731547, 0.18083432485363482, 0.7353143739659888, 0.8404190804379581, 0.43320296247002954, 0.6471624780660238, 0.20940341455040834, 0.6244514713635131, 0.05709798685822354, 0.38370651819535695, 0.826949823482154, 0.08385256513329065, 0.845872875810064, 0.7584125098228958, 0.14352575938163603, 0.9546564739402115, 0.6489048935215435, 0.8125835057859938, 0.5456615293554391, 0.1214563587023283, 0.8274227175301209, 0.3082335027120825, 0.07374317430383992, 0.15185700684715064, 0.1854285647974102, 0.30698486944253967, 0.7532005799616313, 0.37156810557335906, 0.2959299468273603, 0.17863141810780647, 0.02583692439994556, 0.5221365964476679, 0.27068033796209334, 0.7027339766572205, 0.46838951531094164, 0.08581685704303832, 0.5709947362674683, 0.20883544132214482, 0.5370543031712243, 0.8600948311028339, 0.5486245827210501, 0.2558298753476558, 0.7922598211431726, 0.8023990445594092, 0.5729724066554823, 0.28157045075232257, 0.8266930142935696, 0.22278475060836234, 0.231411935027804, 0.07281257117642803, 0.25481293446259046, 0.1835460846555378, 0.5187302920349349, 0.007080532346758761, 0.3872721341189932, 0.4091641632617361, 0.24559491760971208, 0.6598365553762555, 0.8343720738967048, 0.795634051588823, 0.7553251074012461, 0.6531481669953239, 0.22097242065487632, 0.7623353724044877, 0.24015665268642405, 0.25814657197122315, 0.7020594150119087, 0.7511726476076371, 0.8869116751467274, 0.3656914214194169, 0.7918633670416477, 0.4803787304529943, 0.2551189803880548, 0.08138783651885007, 0.7072717747810743, 0.9928572617473801, 0.18055534508242954, 0.0377544944434699, 0.1181362493182232]

Erro da solução (|Ax - b|): 3.8151313990174294e-15
Erro (|Ax - b|)/|b| 2.979410789423662e-16
Erro no vetor x: 4.1652299398535015e-15

Tempo de execução: 0.006088972091674805
