Matriz não é simétrica positiva definida

Solução x:
[1, 1, 1, 1, 1, 1, 1, 1, 1, 1, 1, 1, 1, 1, 1, 1, 1, 1, 1, 1, 1, 1, 1, 1, 1, 1, 1, 1, 1, 1, 1, 1, 1, 1, 1, 1, 1, 1, 1, 1, 1, 1, 1, 1, 1, 1, 1, 1, 1, 1, 1, 1, 1, 1, 1, 1, 1, 1, 1, 1, 1, 1]

X_aleatório_inicial:
[0.06683753115657243, 0.21619958042665777, 0.6467079711908266, 0.7812716637800963, 0.3973680224566569, 0.07610383385065134, 0.11980085620144587, 0.352639994076139, 0.715295178555737, 0.7727309326992682, 0.19246971884656783, 0.700505766963622, 0.5592061473757106, 0.4833480690096371, 0.6650539592135426, 0.7528398473317491, 0.6430039998658801, 0.3188055781359167, 0.4074601147385932, 0.2834164081491717, 0.030137970377831058, 0.8987337824921992, 0.7821575994315954, 0.3645353552279007, 0.2889303271104626, 0.14684793910249683, 0.14283953757248458, 0.33775060709160365, 0.38572752104848507, 0.9762928371487904, 0.576493337427147, 0.950659161827864, 0.8308370072955908, 0.21934001382425106, 0.04151998427525683, 0.25014138882045833, 0.3458818044392725, 0.7575372724707834, 0.3643453463212525, 0.7935022032950935, 0.7420632870755902, 0.9351976535486556, 0.12586499979887034, 0.46775129592862885, 0.20188152572959261, 0.20032694543998342, 0.057160934388594486, 0.4909011689045938, 0.032815158254989485, 0.19044452507202203, 0.6695420800837345, 0.9790663817829584, 0.36154205794448624, 0.44099175784959843, 0.742289152620493, 0.30641312628919637, 0.8247737319556301, 0.7515064012207332, 0.47039444759882654, 0.25583005277126925, 0.31243921607240677, 0.19540592012229696]

Erro da solução (|Ax - b|): 0.00048486176309465306
Erro (|Ax - b|)/|b| 1.1299448514868338
Erro no vetor x: 4.797091125749971

Tempo de execução: 0.017271995544433594
