Solução x:
[0.06683753 0.21619958 0.64670797 0.78127166 0.39736802 0.07610383
 0.11980086 0.35263999 0.71529518 0.77273093 0.19246972 0.70050577
 0.55920615 0.48334807 0.66505396 0.75283985 0.643004   0.31880558
 0.40746011 0.28341641 0.03013797 0.89873378 0.7821576  0.36453536
 0.28893033 0.14684794 0.14283954 0.33775061 0.38572752 0.97629284
 0.57649334 0.95065916 0.83083701 0.21934001 0.04151998 0.25014139
 0.3458818  0.75753727 0.36434535 0.7935022  0.74206329 0.93519765
 0.125865   0.4677513  0.20188153 0.20032695 0.05716093 0.49090117
 0.03281516 0.19044453 0.66954208 0.97906638 0.36154206 0.44099176
 0.74228915 0.30641313 0.82477373 0.7515064  0.47039445 0.25583005
 0.31243922 0.19540592]

X_aleatório_inicial:
[0.06683753115657243, 0.21619958042665777, 0.6467079711908266, 0.7812716637800963, 0.3973680224566569, 0.07610383385065134, 0.11980085620144587, 0.352639994076139, 0.715295178555737, 0.7727309326992682, 0.19246971884656783, 0.700505766963622, 0.5592061473757106, 0.4833480690096371, 0.6650539592135426, 0.7528398473317491, 0.6430039998658801, 0.3188055781359167, 0.4074601147385932, 0.2834164081491717, 0.030137970377831058, 0.8987337824921992, 0.7821575994315954, 0.3645353552279007, 0.2889303271104626, 0.14684793910249683, 0.14283953757248458, 0.33775060709160365, 0.38572752104848507, 0.9762928371487904, 0.576493337427147, 0.950659161827864, 0.8308370072955908, 0.21934001382425106, 0.04151998427525683, 0.25014138882045833, 0.3458818044392725, 0.7575372724707834, 0.3643453463212525, 0.7935022032950935, 0.7420632870755902, 0.9351976535486556, 0.12586499979887034, 0.46775129592862885, 0.20188152572959261, 0.20032694543998342, 0.057160934388594486, 0.4909011689045938, 0.032815158254989485, 0.19044452507202203, 0.6695420800837345, 0.9790663817829584, 0.36154205794448624, 0.44099175784959843, 0.742289152620493, 0.30641312628919637, 0.8247737319556301, 0.7515064012207332, 0.47039444759882654, 0.25583005277126925, 0.31243921607240677, 0.19540592012229696]

Erro da solução (|Ax - b|): 1.053632893659487e-19
Erro (|Ax - b|)/|b| 2.45543607305511e-16
Erro no vetor x: 1.9905435998330884e-15

Tempo de execução: 0.01257014274597168
