Matriz não é simétrica positiva definida

Solução x:
[1, 1, 1, 1, 1, 1, 1, 1, 1, 1, 1, 1, 1, 1, 1, 1, 1, 1, 1, 1, 1, 1, 1, 1, 1, 1, 1, 1, 1, 1, 1, 1, 1, 1, 1, 1, 1, 1, 1, 1, 1, 1, 1, 1, 1, 1, 1, 1, 1, 1, 1, 1, 1, 1, 1, 1, 1, 1, 1, 1, 1, 1, 1, 1, 1, 1, 1, 1, 1, 1, 1, 1, 1, 1, 1, 1, 1, 1, 1, 1, 1, 1, 1, 1, 1, 1, 1, 1, 1, 1, 1, 1, 1, 1, 1, 1, 1, 1, 1, 1, 1, 1, 1, 1, 1, 1, 1, 1, 1, 1, 1, 1, 1, 1, 1, 1, 1, 1, 1, 1, 1, 1, 1, 1, 1, 1, 1, 1, 1, 1, 1, 1, 1, 1, 1, 1, 1, 1, 1, 1, 1, 1, 1, 1, 1, 1, 1, 1, 1, 1, 1, 1, 1, 1, 1, 1, 1, 1, 1, 1, 1, 1, 1, 1, 1, 1, 1, 1, 1, 1, 1, 1, 1, 1, 1, 1, 1, 1, 1, 1, 1, 1, 1, 1, 1, 1, 1, 1, 1, 1, 1, 1, 1, 1, 1, 1, 1, 1, 1, 1, 1, 1, 1, 1, 1, 1, 1, 1, 1, 1, 1, 1, 1, 1, 1, 1, 1, 1, 1, 1, 1, 1, 1, 1, 1, 1, 1, 1, 1, 1, 1, 1, 1, 1, 1, 1, 1, 1, 1, 1, 1, 1, 1, 1, 1, 1, 1, 1, 1, 1, 1, 1, 1, 1, 1, 1, 1, 1, 1, 1, 1, 1, 1, 1, 1, 1, 1, 1, 1, 1, 1, 1, 1, 1, 1, 1, 1, 1, 1, 1, 1, 1, 1, 1, 1, 1, 1, 1, 1, 1, 1, 1, 1, 1, 1, 1, 1, 1, 1, 1, 1, 1, 1, 1, 1, 1, 1, 1, 1, 1, 1, 1, 1, 1, 1, 1, 1, 1, 1, 1, 1, 1, 1, 1, 1, 1, 1, 1, 1, 1, 1, 1, 1, 1, 1, 1, 1, 1, 1, 1, 1, 1, 1, 1, 1, 1, 1, 1, 1, 1, 1, 1, 1, 1, 1, 1, 1, 1, 1, 1, 1, 1, 1, 1, 1, 1, 1, 1, 1, 1, 1, 1, 1, 1, 1, 1, 1, 1, 1, 1, 1, 1, 1, 1, 1, 1, 1, 1, 1, 1, 1, 1, 1, 1, 1, 1, 1, 1]

X_aleatório_inicial:
[0.5388401749895745, 0.7065627473165973, 0.2513930325581123, 0.754922422436996, 0.0833482631111574, 0.2668474395062116, 0.5443713476119377, 0.18232718255812863, 0.9752666115409662, 0.35699507841373357, 0.9251559475745985, 0.4129409837575281, 0.4681365027698251, 0.36461101404236773, 0.4383639338401458, 0.22516199513327584, 0.49564499182981747, 0.15087178847926974, 0.4223368948042209, 0.9364970889682839, 0.4680883406473805, 0.6736993325857832, 0.030670701924709, 0.1087961696806955, 0.5134537310230953, 0.7316418879076755, 0.9260640511047238, 0.9137065780240146, 0.5301602488665068, 0.6428360679534896, 0.26720686333874, 0.38378909902122216, 0.5547328201794322, 0.7709849913894573, 0.3972869308908483, 0.8750816696076893, 0.23043796739438505, 0.838904445122472, 0.9028220456057293, 0.04079817923029916, 0.5980674343932011, 0.28481644327199174, 0.23389090127695333, 0.4974107497053275, 0.7335244388925144, 0.31646552705424913, 0.7121228447012546, 0.48735161101494573, 0.4549623733730508, 0.6935195392959403, 0.20116212786991394, 0.17402642433088145, 0.9924207687171775, 0.7498106215569447, 0.3958779952389836, 0.3176410868404397, 0.7844137380073022, 0.9631108946479946, 0.09871456835419445, 0.8819223173919072, 0.8478396362812027, 0.5304912175410911, 0.5163200585437803, 0.3840519912799635, 0.5423825952432665, 0.4064266594186, 0.2545490859978057, 0.9938439694522435, 0.10430789738843516, 0.45340845095567694, 0.1872667902111066, 0.06931403320995799, 0.015668286005372623, 0.03980286875357464, 0.6358582003254285, 0.7827831541576746, 0.9192233820516945, 0.34993642571388284, 0.4476987937121043, 0.9099398088198668, 0.40574383055768093, 0.357940136228482, 0.3511185540362117, 0.1653956254871657, 0.9197066834867843, 0.024642074333986352, 0.37918074438439286, 0.5314248170693363, 0.30049686980579615, 0.7112018291094166, 0.6352475799594564, 0.47393359662794654, 0.6606316931622614, 0.5722274003658824, 0.7128240479030782, 0.17879309934744347, 0.6392854373344916, 0.25338121150618287, 0.5806234096038189, 0.7874875145630431, 0.5106152568829048, 0.9345891987988353, 0.9985350178725332, 0.9395100544912004, 0.725528582223977, 0.02310882373005252, 0.8848139438287793, 0.6620202134454376, 0.299787012837166, 0.11077327999752407, 0.6644012527993809, 0.04604925797814485, 0.1348977350801489, 0.69900156678762, 0.23966998991323107, 0.9321991634183818, 0.8471453911688934, 0.04925465936801077, 0.16696977230568644, 0.14123714994957515, 0.44086470829445523, 0.42843528538752584, 0.8057744951841549, 0.20238991338070644, 0.617160548987424, 0.7937972695553809, 0.6660959783985528, 0.43871327957293094, 0.7875770551444609, 0.7997434177927673, 0.7214107125164515, 0.7631280713354512, 0.5756089900943606, 0.16432459761095153, 0.03944984915252059, 0.460103955155471, 0.9588155495474487, 0.5438700999915174, 0.43563317841827587, 0.7589306640960576, 0.3166131416376733, 0.04643843029632555, 0.5794966958595279, 0.08839673810539361, 0.977834928860269, 0.4680975927374663, 0.8472829673880061, 0.27652823539022975, 0.8984483898109401, 0.5733742832340236, 0.27775197596562384, 0.3326618366908325, 0.5679204319590907, 0.16755081756461698, 0.7036523294774477, 0.8855279202960998, 0.5215992893166582, 0.10744192246263606, 0.6859848780150487, 0.039947066302041034, 0.2602663814415821, 0.0625472646120343, 0.12651461737339265, 0.06245739135929984, 0.45975773324145064, 0.4620066804516928, 0.5853992195666159, 0.07711082754290666, 0.7246275861347501, 0.808134855646152, 0.15384831941287136, 0.6894295894194546, 0.5528764476942571, 0.21652730150016286, 0.5421170176911709, 0.7492968576152146, 0.36536775781222375, 0.5314724202746042, 0.6346496565913198, 0.8029877653625074, 0.3280730541680854, 0.6692009704503056, 0.9613603293127089, 0.18666106849130237, 0.8493108883320651, 0.3262300173197108, 0.5396378630280094, 0.5501013438554823, 0.27627933356042644, 0.5519232888514257, 0.7081837699544202, 0.02199878764553287, 0.6487598655048125, 0.8661240333171429, 0.6634234374101172, 0.6078967215538926, 0.28306475498668027, 0.7512591074336962, 0.28801894814527773, 0.6568151602850186, 0.1865978241097177, 0.9184955515641356, 0.5973275913357966, 0.2596207304147632, 0.5668112849548796, 0.9486728083324206, 0.21081531264344744, 0.4212009297892553, 0.47933843734733594, 0.750313668273617, 0.513942131447151, 0.645072180980055, 0.9769676836409045, 0.32347903462218175, 0.4707744886361164, 0.4802388467271139, 0.1440491244946922, 0.9385246390724493, 0.8274116173266098, 0.9799627571494282, 0.9411670764267482, 0.9626334854203225, 0.28003118337696664, 0.43202881700785023, 0.6718458178619835, 0.16212329817207394, 0.8888893448687013, 0.15283739973903232, 0.2869628121544894, 0.5437476488665683, 0.18947038320079568, 0.6457936949693703, 0.65263312957225, 0.2521942389946874, 0.8453661059577519, 0.31329051995931934, 0.5910533063582205, 0.07797879099510985, 0.3593613831730189, 0.49586828529146976, 0.5935829030538021, 0.8974022565812778, 0.415331008680098, 0.685287059204153, 0.6606618768343063, 0.5205982493980957, 0.5158659645709913, 0.8041590625420472, 0.22615425891017082, 0.5670021788088064, 0.9180405257438278, 0.7441017308118464, 0.7686801330480191, 0.9795571507587348, 0.24830159603795632, 0.9924080217504258, 0.016418654177291048, 0.9641979606846192, 0.17508322775164842, 0.8985217667513302, 0.20842901471426756, 0.6211492850976866, 0.5813136359779377, 0.0713373159058962, 0.901552505226864, 0.792153319802126, 0.07544462177904532, 0.15903000494541963, 0.9778732252668206, 0.23584826656984892, 0.6419441622496503, 0.728437247420225, 0.23754951538315705, 0.8846445144481575, 0.29130837401511167, 0.2212825625359911, 0.23595669940352826, 0.9603137238777792, 0.513971790624638, 0.871813009896671, 0.8695141016467464, 0.954924458691125, 0.048515738509372075, 0.373144974614131, 0.5267287045927929, 0.1882486510162762, 0.3689775508679677, 0.16276854570104515, 0.8782198980624077, 0.35069997970222444, 0.6185800707349771, 0.046239680038774766, 0.44597779358186895, 0.18575818512085696, 0.5861885778236191, 0.852826910314073, 0.6191922407031603, 0.351721602934123, 0.13111602650805443, 0.7097264497537737, 0.3325017275248169, 0.7175488548285768, 0.7931450259450812, 0.32603699940609177, 0.7478371506633095, 0.04572166621447327, 0.6830695149831917, 0.11581391975757849, 0.7364534723339297, 0.685008798583257, 0.9963913951826985, 0.8510989843807674, 0.5736069760968538, 0.8058886906279663, 0.6822428140084256, 0.9420161935115113, 0.14501964453229355, 0.9128414131864433, 0.19611241944166125, 0.8369556246646775, 0.005912896134837031, 0.25010597078864705, 0.07167333381212637, 0.9519149167970588, 0.7739887831188772, 0.5516277908881015, 0.1737863801469195, 0.3968574031519203, 0.6808261717920582, 0.29164976650389085, 0.04194526106105756, 0.014864547846116904, 0.2775813876751392, 0.05011503573369225, 0.01939639884516675, 0.9858938272256947, 0.783378230968687, 0.2985357405115058, 0.0611427382295342, 0.8017250332440127, 0.6875229147163749, 0.033680435368459216, 0.0422432429213393, 0.5100083656155007, 0.6617834835011758, 0.33392927547593887, 0.8232380258143032, 0.46339356960296985, 0.7762030182775587, 0.14613825236976896, 0.41759664842288746, 0.5354962077015439, 0.3310040879887587, 0.24701259045659318, 0.9865244806888896, 0.7473436024703647, 0.6086692567835013, 0.034724451337801776, 0.942249684845871, 0.35085963510797524, 0.5683732317129245, 0.538830064484077, 0.6877423552132185, 0.20686948699791263, 0.6410654738107414, 0.4058445167562118, 0.2936638224302489, 0.5000168214265804, 0.648824705439138, 0.6445056942357953, 0.35470452512688755, 0.5681201095936067, 0.35302553434834183, 0.07807839684262496, 0.448894824842041, 0.1281128440253616, 0.6173125478779017, 0.3876371971417433, 0.8258272370233574, 0.5773296312633396, 0.9373382350646917, 0.6117247145853505, 0.7369580394141596, 0.7630495366511838, 0.6961310805390774, 0.4764589487431512, 0.8616036996193955, 0.18526750564497008, 0.5638023157347264, 0.9326676510260166, 0.984745672756832, 0.05206493249885058, 0.6132850976659919, 0.9677188001554117, 0.5003874676836659, 0.2975502361704143, 0.48296085582615567, 0.3829456489958053]

Erro da solução (|Ax - b|): 0.00019586694125295944
Erro (|Ax - b|)/|b| 0.959026587697743
Erro no vetor x: 11.287446192932258

Tempo de execução: 0.012984752655029297
