Solução x:
[9.08457399e-02 2.22548993e-01 1.32332083e-01 3.81157029e-01
 7.56541130e-01 6.76634678e-02 6.55989045e-01 7.10888381e-01
 1.42078514e-01 6.10659303e-01 5.00804955e-01 9.08041654e-01
 8.06808798e-02 7.32709856e-01 6.05460044e-01 6.11659329e-01
 6.26754270e-01 6.66365659e-01 2.88873340e-01 4.72942312e-01
 9.24640798e-01 5.08648612e-01 1.47162983e-01 6.98052412e-01
 1.96672268e-02 4.08316615e-01 4.31118864e-01 3.08152327e-01
 3.14109146e-01 8.34887325e-01 8.54185334e-01 2.17716761e-01
 8.24058326e-02 8.83297205e-01 8.44423159e-01 3.78025288e-01
 3.74957346e-01 7.55240880e-01 7.49223016e-01 5.71804483e-01
 7.15684342e-01 4.51704576e-01 5.34931548e-01 9.55685586e-01
 2.82946346e-02 6.40669383e-01 4.57309123e-01 9.25974232e-02
 8.40529059e-01 1.68610737e-01 3.78723518e-01 8.05004147e-02
 3.16544168e-01 6.89881600e-01 8.62517211e-01 6.79841532e-01
 7.19290327e-02 5.00968465e-01 2.75592207e-01 3.49391251e-01
 4.83094812e-01 9.73285590e-01 1.05974024e-01 7.04510151e-01
 3.29168067e-01 3.80354851e-01 1.65609756e-01 3.95527647e-01
 5.90627625e-01 8.38283823e-01 2.80303713e-01 4.05531025e-01
 6.27682519e-01 8.50954296e-01 8.27885204e-01 6.24191742e-01
 6.23947665e-01 2.94647645e-02 5.15217712e-01 1.56913457e-01
 4.58094784e-01 1.53406505e-02 1.63752977e-01 9.19414037e-01
 5.37337716e-01 8.04676436e-01 6.17809372e-01 3.48271627e-01
 3.45144815e-01 8.50329510e-01 6.17128468e-01 8.81790244e-01
 3.31653159e-01 3.34221299e-01 1.50818779e-01 1.47650006e-01
 8.15004828e-01 9.41353164e-01 6.87151091e-01 2.90590825e-02
 1.01188520e-01 4.68632973e-01 9.82525770e-01 9.55311416e-01
 4.06458846e-01 3.45456795e-01 3.09900246e-01 7.92669341e-01
 1.84865522e-01 2.34434004e-02 2.31467473e-01 1.38245548e-01
 3.77142206e-01 4.16170764e-01 6.95480417e-01 5.37439912e-01
 2.89198690e-01 1.60413158e-01 5.00194459e-02 5.67845536e-01
 6.26266423e-01 8.54394397e-01 7.64038919e-01 5.21281495e-01
 8.23609588e-02 1.42931420e-01 7.98804512e-01 5.52244282e-01
 8.28340001e-02 3.74030712e-01 5.14693548e-01 9.88159805e-01
 8.10023852e-01 8.97247033e-01 6.39780328e-01 6.42659412e-01
 1.92146839e-01 6.43305822e-02 5.81530934e-01 5.99007695e-01
 2.07136854e-01 9.12085443e-01 7.38739724e-01 2.82766878e-01
 1.37555025e-01 6.32058840e-01 2.89122682e-01 8.18910331e-02
 2.41964512e-01 2.16948148e-01 2.19418650e-01 9.66819969e-01
 4.26693735e-01 6.53661628e-01 4.31698212e-01 4.85432755e-01
 4.60059487e-01 6.70457058e-01 3.09062500e-01 1.46743221e-01
 7.32295116e-01 4.75621898e-02 8.99861508e-01 6.12762592e-01
 3.57964951e-01 6.49700042e-01 4.57985593e-01 4.67038425e-01
 6.32707249e-01 2.94787055e-01 6.53154854e-01 5.33105849e-01
 5.38497520e-02 6.34783583e-01 7.80780922e-01 8.28246421e-01
 3.95449287e-01 7.83382500e-01 6.02141390e-01 7.64383076e-01
 2.72007777e-01 3.14869664e-01 6.24404096e-01 6.40728345e-04
 9.68859434e-01 1.67525480e-02 6.72491213e-01 1.64045684e-01
 5.80456453e-01 2.99047176e-01 9.79793036e-01 9.56691808e-01
 6.77637546e-02 3.88370117e-01 1.44859745e-01 2.92810540e-01
 4.74541805e-01 5.16383112e-01 4.58039727e-01 2.88920176e-02
 2.83791877e-01 7.52158793e-01 4.17622915e-01 3.39273107e-01
 9.61275131e-01 5.23365931e-01 2.00138483e-02 6.88555431e-01
 2.64446256e-02 8.70409613e-01 5.90850034e-01 1.33325698e-01
 7.65970888e-01 2.65313828e-01 5.66666801e-01 8.74704062e-01
 1.86736303e-02 1.72148064e-01 7.20757876e-01 6.59568717e-01
 6.42174989e-01 4.26679004e-01 6.08713173e-01 9.67416473e-01
 3.00464981e-01 8.42521837e-01 1.28887036e-01 1.81619248e-01
 2.09072117e-01 8.84703236e-01 7.18272529e-01 9.57110849e-01
 6.20065297e-01 9.58948112e-01 5.65520737e-01 3.42550224e-01
 9.62558150e-01 3.65883213e-01 5.83385792e-01 2.72212452e-01
 4.40447096e-01 8.96164569e-01 6.01083765e-02 8.52487192e-01
 3.49073517e-01 4.99985972e-01 9.53680570e-01 6.46150025e-01
 4.63343975e-02 5.29617428e-01 4.74594754e-01 8.55429133e-01
 8.33263283e-01 6.36762561e-02 1.27807022e-01 9.90878600e-02
 7.64358501e-02 1.54905222e-01 2.49198318e-01 4.94374817e-01
 6.05793434e-01 5.22970641e-01 7.48496967e-01 1.06491067e-01
 5.04347640e-01 8.48953737e-01 3.36696441e-01 4.06735492e-01
 5.06027067e-01 1.50669497e-01 6.71030964e-03 8.21137621e-01
 9.59090793e-01 4.73700270e-01 3.99096500e-01 5.91271058e-01
 9.10986230e-01 2.48116617e-01 1.01414301e-01 6.39172591e-01
 5.21710770e-01 4.58494418e-01 6.96652595e-02 9.68049160e-02
 2.68216439e-01 1.25774541e-01 8.85313308e-01 1.41255650e-01
 2.80251628e-01 2.73751169e-01 4.27374540e-01 6.27635698e-01
 4.31901960e-01 8.71163260e-01 6.02073294e-01 5.14427180e-01
 5.61653568e-01 5.36298593e-01 6.28917454e-01 4.69960859e-01
 4.51461932e-02 4.44561131e-01 6.28958585e-01 1.01096311e-01
 9.88812130e-02 1.11002264e-02 2.16104397e-01 3.74637038e-01
 3.85684962e-01 3.62673859e-01 7.36756249e-01 9.02049842e-01
 3.19635885e-01 4.71783579e-01 7.55406350e-01 2.94706223e-01
 7.55113583e-01 4.45470839e-01 3.86942418e-01 6.08390487e-01
 3.30583413e-01 3.72071609e-01 1.01409362e-01 8.98956169e-01
 4.33519080e-01 2.04388750e-01 7.90902054e-01 8.00734162e-01
 3.31740021e-01 5.59463419e-01 4.14231956e-01 9.77139304e-01
 9.78534512e-01 3.29644104e-01 2.89692671e-01 2.53485771e-01
 5.05566015e-01 1.67012542e-01 7.01947027e-01 4.20133183e-02
 3.03266345e-01 9.91885378e-01 2.18814382e-01 6.57299726e-01
 8.38638151e-01 5.31973526e-01 7.68571906e-01 4.93642063e-01
 6.78523003e-02 9.33007552e-01 1.46856713e-01 5.33447287e-01
 1.79342213e-01 5.64967431e-01 5.32921252e-01 6.54513836e-01
 9.35434695e-01 8.10250515e-01 3.94573435e-01 5.40599878e-02
 2.31421195e-01 2.60141003e-01 7.52165169e-02 7.71388463e-01
 5.70126221e-01 5.49919259e-01 8.05478198e-01 4.28116242e-01
 3.63358894e-01 2.32484523e-01 2.41537972e-01 1.22540749e-01
 1.23778719e-01 7.81912691e-01 3.12017001e-01 4.17737173e-01
 3.91817460e-01 2.03540339e-01 7.10475695e-02 9.86026446e-01
 8.51164812e-01 7.19977743e-01 2.75436425e-01 1.53866375e-01
 9.15951816e-01 2.51295150e-01 9.56028516e-01 3.35304011e-01
 8.75376996e-01 9.07398707e-01 3.05269788e-01 3.49399483e-01
 5.35625388e-01 6.40008951e-01 1.20539719e-01 5.86463553e-01
 4.97143817e-01 5.43754670e-01 8.27726769e-01 4.95464460e-03
 4.17053754e-02 4.05022012e-01 2.93469061e-01 7.26615725e-01
 6.38948141e-01 3.18963355e-01 6.56550459e-01 2.39311220e-01
 4.09755837e-01 6.60132181e-01 8.29835230e-01 2.58399688e-01
 2.87566495e-01 2.46433529e-01 3.79061092e-01 2.88090094e-01
 4.46167938e-01 4.70121268e-01 4.00531780e-03 6.12505477e-01
 8.78434022e-01 5.55204683e-01 6.60169023e-01 1.71523985e-01
 5.99319493e-02 8.00424805e-01 1.37749663e-01 3.78999098e-01
 3.09374623e-01 7.02808403e-01 6.49860303e-01 4.95167248e-01
 4.55941189e-01 4.56301299e-01 9.13029322e-02 2.95839604e-01
 1.78010445e-01 1.24293215e-01 8.02729687e-01 3.53955853e-01
 6.73288433e-01 7.77902799e-01 5.33549346e-01 9.91680261e-01
 4.43948966e-01 9.72150819e-01 6.23971900e-01 1.49014255e-02
 8.27437848e-01 1.46013757e-01 7.52103279e-01 3.20947486e-01
 7.72736773e-01 6.71878796e-02 3.83788543e-01 8.66946617e-01
 5.99621820e-01 5.73253309e-01 4.94647900e-01 3.43265561e-01
 5.05092354e-01 7.15756225e-01 5.93118729e-01 1.38022650e-01
 7.40423136e-01 7.85400912e-01 3.26896098e-01 8.04696271e-01
 9.63752404e-01 5.84567847e-01 4.24898733e-01 8.89211048e-01
 9.23177739e-01 7.69482529e-02 6.12107283e-01 2.83777567e-02
 6.34457128e-01 3.39558336e-01 3.47491997e-01 2.84348141e-01
 9.15138411e-01 5.99835626e-01 7.97372647e-01 3.87166026e-01
 3.93121721e-01 1.88141316e-01 5.13196213e-03 5.20822029e-01
 2.89252952e-01 8.56887976e-01 3.28896090e-01 9.42344290e-01
 1.29724887e-02 3.19734557e-01 3.23810302e-01 8.89627049e-01
 1.18013534e-02 3.13256324e-03 5.27709423e-01 7.32199668e-01]

X_aleatório_inicial:
[0.09084573989812017, 0.22254899291154928, 0.13233208250229844, 0.3811570288997641, 0.7565411299631633, 0.06766346778412458, 0.6559890451717966, 0.7108883805119921, 0.1420785135550937, 0.6106593026117805, 0.5008049554229289, 0.9080416539301743, 0.08068087984528072, 0.7327098560730183, 0.6054600436366807, 0.6116593288090637, 0.6267542696892849, 0.6663656591580955, 0.28887333996903974, 0.47294231209657667, 0.9246407978221597, 0.508648611647194, 0.14716298349738877, 0.6980524118454965, 0.019667226806234006, 0.40831661510872996, 0.4311188639427813, 0.3081523273996636, 0.3141091461223289, 0.8348873246223856, 0.8541853341698358, 0.21771676113526983, 0.08240583257863165, 0.8832972045108678, 0.8444231594491048, 0.37802528774337696, 0.3749573463793875, 0.7552408796921577, 0.7492230156478477, 0.5718044833578915, 0.7156843422757839, 0.4517045763627108, 0.5349315475866138, 0.9556855859743312, 0.028294634617186842, 0.6406693827301171, 0.4573091233017006, 0.09259742320595044, 0.8405290589367913, 0.16861073744079413, 0.3787235180494074, 0.08050041474146341, 0.31654416806374497, 0.6898815997761141, 0.8625172112267159, 0.6798415315453249, 0.0719290326908878, 0.5009684654087547, 0.2755922070888205, 0.34939125139233496, 0.48309481217259964, 0.9732855898894677, 0.10597402443651105, 0.7045101514486867, 0.3291680674565385, 0.3803548505180211, 0.16560975564560143, 0.39552764715417, 0.5906276249846202, 0.8382838228181807, 0.2803037127435919, 0.40553102500076055, 0.6276825185016159, 0.8509542958840015, 0.8278852042619379, 0.6241917423916711, 0.6239476653743531, 0.02946476448740809, 0.5152177116992678, 0.15691345702786075, 0.45809478421471606, 0.015340650457557503, 0.16375297688333468, 0.9194140366052895, 0.5373377158018294, 0.8046764356801714, 0.6178093724969494, 0.34827162654676336, 0.3451448154819877, 0.8503295096663508, 0.6171284682432706, 0.8817902444201036, 0.3316531586248692, 0.3342212993095057, 0.1508187794098903, 0.14765000552518792, 0.815004828457677, 0.9413531640345936, 0.6871510912896948, 0.029059082544487636, 0.10118851965819209, 0.46863297307279383, 0.9825257704718351, 0.9553114155160656, 0.4064588458351437, 0.3454567948669446, 0.3099002463622288, 0.7926693409295539, 0.1848655216380095, 0.023443400385218305, 0.23146747274509316, 0.13824554794751198, 0.3771422061205003, 0.4161707643504249, 0.6954804169213448, 0.5374399122961805, 0.2891986901965711, 0.16041315770645337, 0.05001944587472462, 0.5678455360076968, 0.6262664229667908, 0.8543943965964464, 0.7640389192616884, 0.5212814953395177, 0.08236095884933248, 0.1429314198983982, 0.7988045123816515, 0.5522442822341729, 0.08283400013176545, 0.3740307123570247, 0.5146935477810018, 0.9881598048790969, 0.8100238516368731, 0.8972470332198551, 0.6397803278196763, 0.642659412036854, 0.19214683865745685, 0.0643305822375646, 0.5815309344258249, 0.5990076951410583, 0.2071368544190041, 0.9120854433740444, 0.7387397241277468, 0.28276687797265, 0.13755502491975247, 0.6320588402222646, 0.28912268204198555, 0.08189103311926216, 0.2419645124057469, 0.21694814826734454, 0.2194186496272339, 0.9668199693540559, 0.4266937353985205, 0.6536616278332875, 0.4316982123995795, 0.48543275544795583, 0.460059487338382, 0.6704570577193122, 0.3090624995352105, 0.14674322082333602, 0.7322951164268268, 0.04756218977384763, 0.8998615077535899, 0.6127625921827486, 0.35796495108287585, 0.6497000421598536, 0.457985593246927, 0.46703842466970646, 0.632707249274074, 0.29478705501227276, 0.6531548543109126, 0.533105849359407, 0.05384975201423714, 0.6347835834071153, 0.7807809215091569, 0.8282464209017248, 0.3954492873198382, 0.7833825001924063, 0.6021413904770796, 0.7643830759063084, 0.27200777655345454, 0.3148696642250186, 0.624404096377834, 0.0006407283453129242, 0.9688594341973688, 0.01675254804956694, 0.6724912126769854, 0.1640456842836483, 0.5804564532776536, 0.2990471762924102, 0.9797930356151191, 0.9566918079903369, 0.06776375455270667, 0.3883701166176723, 0.14485974493860398, 0.29281053975049576, 0.4745418045475053, 0.5163831117417416, 0.4580397274581607, 0.02889201759871174, 0.28379187682157425, 0.752158793070233, 0.4176229145210524, 0.3392731065132425, 0.9612751313495752, 0.5233659314456922, 0.02001384827239705, 0.6885554313513776, 0.026444625643112785, 0.8704096127420187, 0.5908500343956856, 0.13332569819714835, 0.7659708875866189, 0.2653138284050547, 0.5666668008494319, 0.8747040617140961, 0.018673630320799495, 0.17214806375349012, 0.7207578763725436, 0.6595687172616919, 0.6421749886592006, 0.4266790044107073, 0.6087131733642074, 0.9674164733755113, 0.30046498119821596, 0.8425218368025507, 0.12888703570532345, 0.18161924761045156, 0.20907211715142626, 0.8847032360424056, 0.718272528635169, 0.957110848618909, 0.6200652966153714, 0.9589481118260834, 0.5655207374322534, 0.3425502241522832, 0.9625581504251982, 0.3658832125938436, 0.5833857918208919, 0.2722124520189838, 0.4404470956890525, 0.8961645692098513, 0.06010837653504253, 0.8524871922635509, 0.3490735174063916, 0.4999859716652325, 0.9536805700546893, 0.646150024947215, 0.04633439752567314, 0.5296174278774066, 0.47459475413307484, 0.8554291332962607, 0.8332632834649375, 0.06367625612305039, 0.12780702242771647, 0.09908785996574598, 0.0764358500572353, 0.15490522201912837, 0.24919831792411706, 0.49437481723729104, 0.6057934341700639, 0.5229706409640106, 0.7484969674137013, 0.10649106671073638, 0.5043476398384239, 0.8489537370582412, 0.33669644106219265, 0.40673549245327356, 0.5060270674195124, 0.150669496725917, 0.006710309640435175, 0.8211376209822472, 0.9590907932668062, 0.4737002701306682, 0.3990965003375533, 0.5912710578382826, 0.9109862304774502, 0.24811661695403198, 0.10141430095791215, 0.6391725913524945, 0.5217107696385586, 0.45849441774704425, 0.06966525948726443, 0.0968049159787191, 0.2682164388434909, 0.12577454142002042, 0.8853133075247205, 0.1412556497787798, 0.2802516284268084, 0.2737511694827285, 0.42737453964025296, 0.6276356975652827, 0.4319019598901368, 0.8711632599446802, 0.6020732937114202, 0.5144271804401853, 0.5616535680431528, 0.5362985934687676, 0.6289174544312538, 0.4699608585837284, 0.0451461931585746, 0.44456113092590555, 0.6289585845797591, 0.10109631086896653, 0.0988812129975909, 0.01110022636411745, 0.21610439732626674, 0.37463703812940596, 0.38568496222443527, 0.36267385892710435, 0.7367562494796637, 0.9020498417244882, 0.31963588489772854, 0.4717835785007153, 0.7554063498420353, 0.29470622342720265, 0.755113583373222, 0.44547083902060247, 0.3869424181135507, 0.6083904874109101, 0.3305834127439571, 0.3720716087273892, 0.10140936223621144, 0.898956168911872, 0.43351907992056093, 0.2043887498724959, 0.7909020538973179, 0.8007341624613655, 0.33174002096520006, 0.559463419320761, 0.41423195595379747, 0.9771393035799271, 0.9785345116300178, 0.3296441036404463, 0.2896926713210859, 0.2534857711056884, 0.5055660147090802, 0.16701254232043694, 0.7019470265412707, 0.04201331826769139, 0.30326634490026216, 0.9918853781246386, 0.21881438206366244, 0.6572997264984763, 0.8386381514832725, 0.531973525600967, 0.7685719055773338, 0.493642063164071, 0.06785230034753098, 0.9330075515285804, 0.1468567130539149, 0.5334472869458128, 0.17934221329567124, 0.5649674310331646, 0.5329212521732074, 0.6545138359079435, 0.9354346947413394, 0.8102505152824242, 0.3945734347721246, 0.05405998780393195, 0.23142119531654448, 0.26014100286322406, 0.07521651693383202, 0.7713884626290557, 0.5701262212970033, 0.5499192594050705, 0.8054781982684087, 0.4281162420854643, 0.3633588940806106, 0.2324845234488877, 0.24153797204486427, 0.12254074885125688, 0.12377871872709334, 0.7819126905942952, 0.3120170006326739, 0.4177371733182388, 0.391817460047832, 0.20354033915586411, 0.07104756952661395, 0.9860264461683803, 0.8511648117676487, 0.7199777432925971, 0.2754364250217596, 0.15386637534795522, 0.9159518155154532, 0.2512951499782041, 0.9560285163669519, 0.33530401059115555, 0.8753769957359832, 0.9073987071260643, 0.30526978835088525, 0.34939948320109837, 0.5356253881667251, 0.6400089513939052, 0.12053971880550207, 0.5864635531398935, 0.4971438167479796, 0.5437546704819518, 0.8277267694497834, 0.004954644604502345, 0.04170537540127739, 0.40502201197469656, 0.2934690610442493, 0.7266157245022155, 0.6389481407064604, 0.31896335501335105, 0.6565504589741415, 0.23931121969297275, 0.40975583746120214, 0.6601321811196768, 0.8298352298634841, 0.2583996884715669, 0.2875664946959553, 0.24643352948890862, 0.37906109202416927, 0.2880900942046696, 0.44616793761577556, 0.4701212682265715, 0.004005317798298491, 0.6125054769939291, 0.8784340216141798, 0.5552046832963419, 0.6601690228518076, 0.17152398549296533, 0.059931949287659436, 0.8004248052287172, 0.1377496634740123, 0.3789990975791372, 0.3093746227993195, 0.7028084030530476, 0.6498603029005122, 0.4951672484394005, 0.45594118906333625, 0.4563012989807119, 0.09130293224839314, 0.2958396037550872, 0.17801044533538724, 0.1242932150752104, 0.8027296872450949, 0.35395585303765464, 0.6732884333521854, 0.7779027992702008, 0.5335493462135554, 0.9916802608827241, 0.4439489664452184, 0.9721508193186149, 0.6239719001753409, 0.014901425531243628, 0.8274378478565274, 0.14601375714325548, 0.7521032793700351, 0.320947485638319, 0.7727367728065656, 0.06718787957072003, 0.38378854255748995, 0.8669466165313627, 0.5996218201894262, 0.5732533090562895, 0.49464790015351723, 0.3432655606605761, 0.5050923544590309, 0.715756225368422, 0.593118728772954, 0.13802265033360817, 0.7404231363349867, 0.7854009119667914, 0.3268960978848965, 0.8046962712208431, 0.9637524040665936, 0.584567847186723, 0.4248987325169643, 0.8892110482983597, 0.9231777391493767, 0.07694825291567375, 0.6121072826172337, 0.028377756747537064, 0.6344571284031288, 0.3395583358946366, 0.3474919967014989, 0.2843481409969001, 0.9151384107399863, 0.5998356264822071, 0.7973726473850979, 0.38716602597193606, 0.39312172093764286, 0.188141315730029, 0.005131962130503265, 0.5208220285264912, 0.28925295190885913, 0.856887976218584, 0.32889609046707624, 0.9423442897874456, 0.012972488719284025, 0.3197345573802389, 0.32381030239944186, 0.8896270486595299, 0.011801353412675075, 0.0031325632418887084, 0.5277094232135385, 0.7321996683768932]

Erro da solução (|Ax - b|): 2.722223623697049e-15
Erro (|Ax - b|)/|b| 2.2010514574317038e-16
Erro no vetor x: 2.722950666888544e-15

Tempo de execução: 0.05829286575317383
